[ Info: primal >= tree.incumbent
[ Info: postsolve did not improve the solution
(example, num_v, seed) = ("neos5", 4, 1)
(example, num_v, seed) = ("neos5", 4, 1)
vs = [[-0.0, -0.0, 1.0, 1.0, 1.0, -0.0, -0.0, 1.0, -0.0, 1.0, -0.0, -0.0, -0.0, -0.0, -0.0, 1.0, -0.0, 1.0, 1.0, 1.0, -0.0, 1.0, 1.0, -0.0, -0.0, -0.0, 1.0, -0.0, 1.0, 1.0, 1.0, 1.0, 1.0, 1.0, 1.0, -0.0, -0.0, -0.0, -0.0, 1.0, 1.0, 1.0, 1.0, 1.0, -0.0, -0.0, -0.0, -0.0, -0.0, 1.0, 1.0, -0.0, 1.0, 0.0, 1.0, 0.0, 1.0, 1.0, 1.0, 1.0, 1.0, 0.0, 1.0], [1.0, -0.0, 1.0, 1.0, -0.0, 1.0, 1.0, 1.0, -0.0, -0.0, 1.0, 1.0, 1.0, -0.0, -0.0, -0.0, -0.0, -0.0, 1.0, -0.0, 1.0, 1.0, -0.0, -0.0, 1.0, 1.0, -0.0, -0.0, -0.0, -0.0, -0.0, -0.0, -0.0, -0.0, 1.0, -0.0, 1.0, 1.0, -0.0, 1.0, 1.0, 1.0, 1.0, -0.0, 1.0, -0.0, 1.0, 1.0, 1.0, -0.0, 1.0, -0.0, -0.0, 0.0, 1.0, 1.0, 0.0, 1.0, 0.0, 1.0, 1.0, 1.0, 0.0], [1.0, 1.0, 1.0, 1.0, -0.0, 1.0, -0.0, -0.0, 1.0, 1.0, -0.0, 1.0, -0.0, -0.0, 1.0, 1.0, 1.0, 1.0, -0.0, 1.0, 1.0, 1.0, 1.0, -0.0, -0.0, 1.0, 1.0, -0.0, 1.0, 1.0, -0.0, 1.0, 1.0, -0.0, -0.0, 1.0, 1.0, -0.0, 1.0, -0.0, -0.0, 1.0, -0.0, 1.0, -0.0, -0.0, -0.0, 1.0, 1.0, -0.0, -0.0, -0.0, -0.0, 0.0, 1.0, 0.0, 0.0, 0.0, 0.0, 0.0, 0.0, 0.0, 0.0], [1.0, -0.0, 1.0, -0.0, -0.0, -0.0, 1.0, 1.0, 1.0, -0.0, -0.0, 1.0, -0.0, -0.0, 1.0, 1.0, -0.0, 1.0, 1.0, 1.0, 1.0, -0.0, 1.0, 1.0, 1.0, 1.0, -0.0, -0.0, -0.0, -0.0, -0.0, -0.0, 1.0, -0.0, -0.0, 1.0, -0.0, 1.0, 1.0, 1.0, -0.0, -0.0, 1.0, -0.0, 1.0, -0.0, 1.0, -0.0, 1.0, 1.0, 1.0, 1.0, -0.0, 1.0, 0.0, 1.0, 1.0, 0.0, 0.0, 0.0, 0.0, 1.0, 1.0]]
b_mps = [0.27865272355818926, -0.06596847546469198, -0.1569479584427068, -1.8390689017857673, -0.5674519382746356, -0.9192186367107573, -4.049582911729332, -0.6707109637648598, -0.37961176740422425, 0.8665458026221579, 0.432306709021104, -0.3229959302497174, 0.3402161710448687, -0.29961787965293785, 1.9136035721789713, -1.6190985435203415, 0.5169712744781768, -1.2825811121125588, 1.0840840119878734, -0.7944197379913668, -0.025668064894330093, -0.011462506736218826, 1.4678868411216563, 1.315845372889509, 0.27236940715678176, 0.44237536440754566, -1.1966483101519632, 0.48457993854995624, 1.4147590837932418, 1.0451679003902126, -0.1978660512585745, 0.32892107972067225, -1.7983067508193347, 1.44050014454746, -0.5232908450257276, 0.43490251042216804, 0.07774415899993356, 0.14324697267944667, -0.43422769970595093, 0.24387704638876334, -0.12389276233418343, 0.42889110309176043, 1.189248289168407, 0.2059465326047665, 1.0218854109275881, -1.1990648633034413, 2.3805130457880845, 2.1896086828053907, 2.1299921566412503, -0.3876601960862665, -0.23211025519653547, 0.20626950528981075, 1.107610369079468, 0.8667513992731141, 1.6776251628069427, -1.4298441320561919, 0.5439858444482804, -0.42663751012992907, -1.3830239105437792, 0.5342602064621867, 0.27246958339005234, 1.194006476255608, 0.6546787209966946]
(solution_shot, time_shot) = (-12.11384911128534, 1.894169807434082)
Away FW: false
(primal, tree.incumbent) = (-12.113849111290786, -12.11384911129079)

(result[:primal_objective], result[:dual_bound]) = (-12.11384911129079, -12.113993788503253)
