[ Info: primal >= tree.incumbent
[ Info: postsolve did not improve the solution
(example, num_v, seed) = ("neos5", 5, 2)
(example, num_v, seed) = ("neos5", 5, 2)
vs = [[-0.0, 1.0, 1.0, 1.0, 1.0, -0.0, 1.0, -0.0, -0.0, -0.0, 1.0, 1.0, 1.0, -0.0, 1.0, 1.0, -0.0, 1.0, -0.0, -0.0, 1.0, -0.0, -0.0, -0.0, -0.0, -0.0, 1.0, -0.0, 1.0, -0.0, 1.0, -0.0, 1.0, -0.0, 1.0, 1.0, -0.0, 1.0, -0.0, 1.0, -0.0, -0.0, -0.0, 1.0, -0.0, -0.0, 1.0, -0.0, -0.0, 1.0, -0.0, -0.0, -0.0, 1.0, 1.0, 0.0, 0.0, 1.0, 1.0, 0.0, 1.0, 1.0, 0.0], [1.0, 1.0, 1.0, 1.0, 1.0, 1.0, 1.0, 1.0, -0.0, -0.0, 1.0, -0.0, 1.0, 1.0, -0.0, 1.0, 1.0, -0.0, 1.0, -0.0, -0.0, -0.0, 1.0, -0.0, -0.0, -0.0, 1.0, -0.0, -0.0, -0.0, -0.0, -0.0, -0.0, -0.0, -0.0, 1.0, -0.0, 1.0, 1.0, 1.0, 1.0, 1.0, 1.0, 1.0, -0.0, 1.0, 1.0, 1.0, -0.0, 1.0, 1.0, 1.0, 1.0, 0.0, 0.0, 1.0, 1.0, 1.0, 1.0, 0.0, 0.0, 0.0, 0.0], [1.0, 1.0, 1.0, -0.0, -0.0, -0.0, 1.0, -0.0, -0.0, 1.0, -0.0, -0.0, 1.0, -0.0, 1.0, -0.0, 1.0, 1.0, 1.0, 1.0, 1.0, -0.0, -0.0, -0.0, 1.0, -0.0, 1.0, 1.0, 1.0, -0.0, -0.0, 1.0, -0.0, -0.0, 1.0, -0.0, 1.0, -0.0, 1.0, -0.0, -0.0, 1.0, 1.0, 1.0, 1.0, 1.0, -0.0, -0.0, -0.0, -0.0, -0.0, 1.0, -0.0, 0.0, 1.0, 1.0, 1.0, 0.0, 1.0, 1.0, 0.0, 0.0, 0.0], [-0.0, -0.0, -0.0, -0.0, 1.0, 1.0, 1.0, 1.0, 1.0, 1.0, -0.0, 1.0, 1.0, 1.0, -0.0, 1.0, 1.0, -0.0, -0.0, 1.0, 1.0, 1.0, 1.0, 1.0, 1.0, 1.0, -0.0, -0.0, 1.0, -0.0, -0.0, 1.0, -0.0, -0.0, 1.0, -0.0, 1.0, -0.0, 1.0, 1.0, 1.0, 1.0, -0.0, 1.0, 1.0, 1.0, 1.0, 1.0, 1.0, 1.0, -0.0, 1.0, -0.0, 0.0, 0.0, 1.0, 0.0, 0.0, 1.0, 0.0, 0.0, 1.0, 0.0], [1.0, -0.0, 1.0, -0.0, -0.0, -0.0, -0.0, -0.0, -0.0, 1.0, -0.0, -0.0, 1.0, -0.0, 1.0, 1.0, -0.0, -0.0, 1.0, 1.0, -0.0, -0.0, -0.0, 1.0, -0.0, 1.0, 1.0, 1.0, 1.0, 1.0, 1.0, 1.0, -0.0, 1.0, 1.0, 1.0, -0.0, -0.0, 1.0, 1.0, -0.0, -0.0, 1.0, 1.0, 1.0, 1.0, 1.0, -0.0, -0.0, -0.0, -0.0, -0.0, 1.0, 0.0, 1.0, 0.0, 1.0, 1.0, 0.0, 0.0, 0.0, 1.0, 1.0]]
b_mps = [-1.230571814352781, 0.42195770322905435, 1.2875209441782518, 0.9897352839821043, -1.3428288609218606, 0.3861528607405008, -1.7514006856017275, 1.4049438416757223, -0.7297289039007756, 0.5993565439122098, 0.7562459133501734, -0.008175882518082335, -1.0173555129764622, 1.501329339154237, 1.6576874175876581, 0.509442603433335, 1.025946540978318, -0.1668195958121614, 0.21104419394198573, -1.4507593612743097, -0.043313429565028504, 2.363195006533652, -0.8754294386678921, 1.3169469561417573, -0.7561455208034453, 1.2001473644760103, -1.5923892619884188, -0.2442033364972895, -0.5806418173737828, -0.3827361580108639, 1.284301304451408, -2.12838397855404, 0.8197994363921244, -0.7073260317751283, 1.104306146004607, 0.3822587410152328, -0.917214135309199, -0.19645189568295024, -0.3302800054741283, 0.6380600759111849, 0.28696302925930567, 0.976937873726695, -2.4879450738863924, 1.157729355525532, -0.9795047321592825, 0.6476544278406651, 0.552426318157115, 0.5546427577169797, -0.31154876853388513, -0.011990220971963516, -0.5438615725917001, 0.8199561264550871, -1.088205276156335, -0.659828923025564, -2.5888490315395725, -0.07971978917616822, 1.4362189459002874, -1.6809043018708116, -1.5435887698769617, 2.0428189291346706, -0.7261026452845427, -0.3079075877649155, -0.6775027550571349]
(solution_shot, time_shot) = (-16.77092460704251, 1.8566570281982422)
Away FW: false
(primal, tree.incumbent) = (-16.770924607570954, -16.77092460757097)

(result[:primal_objective], result[:dual_bound]) = (-16.77092460757097, -16.770985591791096)
