[ Info: primal >= tree.incumbent
[ Info: postsolve did not improve the solution
(example, num_v, seed) = ("neos5", 7, 1)
(example, num_v, seed) = ("neos5", 7, 1)
vs = [[-0.0, -0.0, 1.0, 1.0, 1.0, -0.0, -0.0, 1.0, -0.0, 1.0, -0.0, -0.0, -0.0, -0.0, -0.0, 1.0, -0.0, 1.0, 1.0, 1.0, -0.0, 1.0, 1.0, -0.0, -0.0, -0.0, 1.0, -0.0, 1.0, 1.0, 1.0, 1.0, 1.0, 1.0, 1.0, -0.0, -0.0, -0.0, -0.0, 1.0, 1.0, 1.0, 1.0, 1.0, -0.0, -0.0, -0.0, -0.0, -0.0, 1.0, 1.0, -0.0, 1.0, 0.0, 1.0, 0.0, 1.0, 1.0, 1.0, 1.0, 1.0, 0.0, 1.0], [1.0, -0.0, 1.0, 1.0, -0.0, 1.0, 1.0, 1.0, -0.0, -0.0, 1.0, 1.0, 1.0, -0.0, -0.0, -0.0, -0.0, -0.0, 1.0, -0.0, 1.0, 1.0, -0.0, -0.0, 1.0, 1.0, -0.0, -0.0, -0.0, -0.0, -0.0, -0.0, -0.0, -0.0, 1.0, -0.0, 1.0, 1.0, -0.0, 1.0, 1.0, 1.0, 1.0, -0.0, 1.0, -0.0, 1.0, 1.0, 1.0, -0.0, 1.0, -0.0, -0.0, 0.0, 1.0, 1.0, 0.0, 1.0, 0.0, 1.0, 1.0, 1.0, 0.0], [1.0, 1.0, 1.0, 1.0, -0.0, 1.0, -0.0, -0.0, 1.0, 1.0, -0.0, 1.0, -0.0, -0.0, 1.0, 1.0, 1.0, 1.0, -0.0, 1.0, 1.0, 1.0, 1.0, -0.0, -0.0, 1.0, 1.0, -0.0, 1.0, 1.0, -0.0, 1.0, 1.0, -0.0, -0.0, 1.0, 1.0, -0.0, 1.0, -0.0, -0.0, 1.0, -0.0, 1.0, -0.0, -0.0, -0.0, 1.0, 1.0, -0.0, -0.0, -0.0, -0.0, 0.0, 1.0, 0.0, 0.0, 0.0, 0.0, 0.0, 0.0, 0.0, 0.0], [1.0, -0.0, 1.0, -0.0, -0.0, -0.0, 1.0, 1.0, 1.0, -0.0, -0.0, 1.0, -0.0, -0.0, 1.0, 1.0, -0.0, 1.0, 1.0, 1.0, 1.0, -0.0, 1.0, 1.0, 1.0, 1.0, -0.0, -0.0, -0.0, -0.0, -0.0, -0.0, 1.0, -0.0, -0.0, 1.0, -0.0, 1.0, 1.0, 1.0, -0.0, -0.0, 1.0, -0.0, 1.0, -0.0, 1.0, -0.0, 1.0, 1.0, 1.0, 1.0, -0.0, 1.0, 0.0, 1.0, 1.0, 0.0, 0.0, 0.0, 0.0, 1.0, 1.0], [-0.0, 1.0, 1.0, 1.0, 1.0, 1.0, 1.0, 1.0, 1.0, -0.0, -0.0, 1.0, -0.0, 1.0, -0.0, 1.0, -0.0, 1.0, -0.0, 1.0, 1.0, 1.0, -0.0, -0.0, -0.0, -0.0, 1.0, -0.0, -0.0, -0.0, 1.0, -0.0, 1.0, -0.0, 1.0, -0.0, -0.0, -0.0, 1.0, -0.0, 1.0, -0.0, -0.0, -0.0, -0.0, 1.0, -0.0, -0.0, -0.0, 1.0, 1.0, -0.0, -0.0, 0.0, 0.0, 1.0, 0.0, 1.0, 1.0, 0.0, 0.0, 0.0, 0.0], [1.0, -0.0, 1.0, -0.0, 1.0, 1.0, 1.0, 1.0, 1.0, 1.0, -0.0, -0.0, 1.0, -0.0, 1.0, -0.0, 1.0, -0.0, -0.0, 1.0, -0.0, 1.0, 1.0, 1.0, -0.0, -0.0, 1.0, -0.0, 1.0, -0.0, 1.0, 1.0, 1.0, -0.0, -0.0, 1.0, 1.0, 1.0, -0.0, -0.0, 1.0, -0.0, -0.0, 1.0, 1.0, -0.0, -0.0, -0.0, 1.0, 1.0, 1.0, -0.0, -0.0, 1.0, 1.0, 0.0, 0.0, 0.0, 1.0, 1.0, 0.0, 1.0, 1.0], [1.0, -0.0, -0.0, 1.0, -0.0, 1.0, -0.0, -0.0, 1.0, -0.0, 1.0, -0.0, -0.0, -0.0, 1.0, -0.0, -0.0, -0.0, 1.0, 1.0, -0.0, 1.0, -0.0, -0.0, -0.0, 1.0, 1.0, -0.0, 1.0, -0.0, -0.0, -0.0, 1.0, -0.0, -0.0, 1.0, 1.0, -0.0, 1.0, -0.0, -0.0, -0.0, 1.0, -0.0, 1.0, -0.0, -0.0, -0.0, 1.0, -0.0, -0.0, 1.0, -0.0, 0.0, 1.0, 1.0, 1.0, 1.0, 1.0, 1.0, 0.0, 0.0, 1.0]]
b_mps = [-0.611968992291528, 0.5578801795245172, 0.3740840174093429, 1.0538128966794793, 0.5808485859606817, -1.5144974371263764, -1.5457001328588873, -0.5201346995287971, 1.312339108312528, -0.6568342633255873, 1.75361653512699, -1.2924673844405865, -0.531704625724874, -0.6568872906335971, -1.4980375731640485, 0.4426684967821496, 0.5852478579163195, 0.9782334539599744, -0.6877739300923975, -0.04698264740355012, 0.9966182023827315, 0.691634341443679, 0.9599688052642058, 1.411140822633309, -0.40406029223492207, 0.4255327256712302, 2.297379718927148, -1.5605849603481219, -1.3942524420044087, 0.1314173853205324, 0.21897929213059228, 1.30993212700943, -0.06082016257869956, 0.746144255590275, -1.2723524619459012, 1.9487894951751723, -0.5622708703397821, -0.6132329004972873, 0.01661444388338037, 2.084230975839466, 1.17307772089219, 0.38407455255519346, 0.7871765216469699, -0.027297428076031215, -2.0397980303775505, -1.5785427534891785, -0.8806263500573921, 1.8128382404129062, 1.2120526922768713, -1.2123395817818958, 0.2828548584906828, 0.2083343858982014, 0.7005253274193878, 1.4046974354664667, 2.051296173479041, 0.34013510486070253, -1.267277818001808, -1.2390463290112987, 1.4074495426877813, -0.8565863624820894, -0.19558904050564058, 0.4538012969765639, -2.03404111989296]
(solution_shot, time_shot) = (-8.400099626621152, 1.8724379539489746)
Away FW: false
(primal, tree.incumbent) = (-8.40009962662115, -8.40009962662115)

(result[:primal_objective], result[:dual_bound]) = (-8.40009962662115, -8.400100256050433)
