        MIP solver return status unknown (Cbc returned status 1).
ERROR: LoadError: UndefVarError: str not defined
Stacktrace:
 [1] top-level scope
   @ ~/git/Boscia.jl/examples/run_miplib_setup.jl:12
in expression starting at /home/htc/htroppen/git/Boscia.jl/examples/run_miplib_setup.jl:8

caused by: AssertionError: isapprox(vars_shot[idx], round(vars_shot[idx]); atol = 1.0e-6, rtol = 1.0e-6)
Stacktrace:
 [1] miplib_shot(example::String, num_v::Int64, seed::Int64; time_limit::Int64)
   @ Main ~/git/Boscia.jl/examples/mip-examples.jl:498
 [2] miplib_shot(example::String, num_v::Int64, seed::Int64)
   @ Main ~/git/Boscia.jl/examples/mip-examples.jl:467
 [3] top-level scope
   @ ~/git/Boscia.jl/examples/run_miplib_setup.jl:9
(example, num_v, seed) = ("22433", 4, 3)
(example, num_v, seed) = ("22433", 4, 3)
vs = [[0.0, 0.0, 1.0, 0.0, 0.0, 1.0, 1.0, 0.0, 1.0, 0.0, 0.0, 1.0, 0.0, 1.0, 1.0, 0.0, 0.0, 0.0, 0.0, 0.0, 0.0, 1.0, 0.0, 1.0, -0.0, 0.0, 0.0, 1.0, 0.0, 0.0, 0.0, 0.0, 0.0, 0.0, 0.0, 1.0, 0.0, 1.0, 1.0, 1.0, -0.0, 0.0, 1.0, -0.0, 0.0, 0.0, 1.0, 0.0, 0.0, 0.0, 0.0, 0.0, 0.0, 0.0, 1.0, 0.0, 1.0, 0.0, 1.0, -0.0, 0.0, 0.0, 1.0, 1.0, 0.0, 1.0, 0.0, 0.0, 1.0, 0.0, 1.0, 0.0, 0.0, 0.0, 0.0, 0.0, 0.0, 0.0, -0.0, 0.0, 0.0, 1.0, 0.0, 0.0, 0.0, 0.0, -0.0, 1.0, 0.0, 1.0, 0.0, 0.0, 1.0, 1.0, -0.0, 0.0, 0.0, 0.0, 0.0, 1.0, 1.0, 0.0, 1.0, 0.0, 1.0, 0.0, 1.0, 0.0, -0.0, 0.0, 1.0, 1.0, 0.0, 1.0, 0.0, 0.0, 1.0, 0.0, 1.0, 0.0, 0.0, 0.0, 0.0, -0.0, 0.0, 0.0, 0.0, 1.0, 0.0, 0.0, 1.0, 0.0, 1.0, 0.0, 0.0, 0.0, 0.0, 0.0, 0.0, 0.0, 0.0, 0.0, 0.0, -0.0, -0.0, -0.0, 0.0, 1.0, 0.0, 1.0, 1.0, 1.0, 0.0, 0.0, 0.0, 1.0, 0.0, 1.0, 0.0, 0.0, 0.0, 0.0, 0.0, 0.0, 0.0, 1.0, 0.0, 1.0, 0.0, 1.0, 0.0, 1.0, 0.0, 0.0, 0.0, 1.0, 0.0, 1.0, 0.0, 1.0, 0.0, 1.0, 0.0, 0.0, 0.0, 1.0, 0.0, 1.0, 0.0, 0.0, 0.0, -0.0, -0.0, -0.0, 0.0, 0.0, 1.0, 0.0, 1.0, 0.0, -0.0, 0.0, 1.0, 0.0, 0.0, 0.0, 0.0, -0.0, 0.0, 0.0, 0.0, 1.0, 0.0, 0.0, 0.0, 1.0, 0.0, 1.0, 1.0, 1.0, 0.0, 0.0, 0.0, 0.0, 1.0, 1.0, 1.0, 0.0, 1.0, 0.0, 0.0, 1.0, 1.0, 0.0, 0.0, 1.0, 0.0, 0.0, 0.0, 1.0, 0.0, 0.0, 0.0, 0.0, 0.0, 1.0, 1.0, 1.0, 0.0, 0.0, 0.0, 1.0, 0.0, 0.0, 0.0, 0.0, 0.0, 0.0, 0.0, 0.0, 0.0, 0.0, 0.0, 0.0, 0.0, 0.0, 0.0, 0.0, 0.0, 0.0, 0.0, 0.0, 0.0, 0.0, 0.0, 0.0, 0.0, 0.0, 0.0, 0.0, 1.0, 0.0, 0.0, 0.0, 0.0, 0.0, 0.0, 0.0, 0.0, 0.0, 1.0, 0.0, 0.0, 0.0, 0.0, 0.0, 0.0, 0.0, 1.0, 0.0, 0.0, 1.0, 1.0, 0.0, 0.0, 0.0, 0.0, 0.0, 0.0, 0.0, 0.0, 0.0, 0.0, 0.0, 0.0, 0.0, 1.0, 1.0, 0.0, 1.0, 0.0, 0.0, 0.0, 1.0, 0.0, 0.0, 0.0, 0.0, 0.0, 0.0, 1.0, 1.0, 0.0, 0.0, 0.0, 0.0, 0.0, 0.0, 0.0, 0.0, 1.0, 0.0, 1.0, 0.0, 0.0, 0.0, 0.0, 1.0, 0.0, 0.0, 0.0, 0.0, 0.0, 0.0, 0.0, 0.0, 0.0, 1.0, 0.0, 0.0, 0.0, 0.0, 0.0, 1.0, 2.0, 1.0, 1.0, 0.0, 1.0, 0.0, 0.0, 0.0, 0.0, 0.0, 0.0, 0.0, 1.0, 0.0, 0.0, 0.0, 0.0, 0.0, 0.0, 0.0, 0.0, 0.0, 0.0, 1.0, 0.0, 0.0, 1.0, 0.0, 0.0, 0.0, 0.0, 0.0, 0.0, 0.0, 0.0, 0.0, 0.0, 0.0, 1.0, 0.0, 2.0, 0.0, 0.0, 0.0, 0.0, 0.0, 0.0, 0.0, 0.0, 0.0, 2.0, 0.0, 0.0, 0.0, 0.0, 0.0, 0.0, 0.0, 0.0, 0.0, 0.0, 0.0, 0.0, 0.0, 21609.0], [0.0, 0.0, 1.0, 0.0, 0.0, 1.0, 1.0, 0.0, 1.0, 0.0, 0.0, 1.0, 0.0, 1.0, 0.0, 0.0, 0.0, 0.0, 0.0, 0.0, 0.0, 1.0, 0.0, 1.0, 0.0, 0.0, 0.0, 1.0, 0.0, 0.0, 0.0, 0.0, 0.0, 0.0, 0.0, 1.0, 0.0, 1.0, 1.0, 1.0, 0.0, 0.0, 1.0, 0.0, 0.0, 0.0, 1.0, 0.0, 0.0, 0.0, 0.0, 0.0, 0.0, 0.0, 1.0, 0.0, 1.0, 0.0, 1.0, 0.0, 0.0, 0.0, 1.0, 1.0, 0.0, 1.0, 0.0, 1.0, 1.0, 0.0, 1.0, 0.0, 0.0, 0.0, 0.0, 0.0, 0.0, 0.0, 0.0, 0.0, 0.0, 1.0, 0.0, 0.0, 0.0, 0.0, 0.0, 0.0, 0.0, 1.0, 0.0, 0.0, 1.0, 1.0, 0.0, 0.0, 0.0, 0.0, 0.0, 1.0, 1.0, 0.0, 1.0, 0.0, 1.0, 0.0, 1.0, 0.0, 0.0, 0.0, 1.0, 1.0, 0.0, 1.0, 0.0, 0.0, 1.0, 0.0, 1.0, 0.0, 0.0, 0.0, 0.0, 0.0, 0.0, 0.0, 0.0, 1.0, 0.0, 0.0, 1.0, 0.0, 1.0, 0.0, 0.0, 0.0, 0.0, 0.0, 0.0, 0.0, 0.0, 0.0, 0.0, 0.0, 0.0, 0.0, 0.0, 1.0, 0.0, 1.0, 1.0, 1.0, 0.0, 0.0, 0.0, 1.0, 0.0, 1.0, 0.0, 0.0, 0.0, 0.0, 0.0, 0.0, 0.0, 1.0, 0.0, 1.0, 0.0, 1.0, 0.0, 1.0, 0.0, 0.0, 0.0, 1.0, 1.0, 1.0, 0.0, 1.0, 0.0, 1.0, 0.0, 0.0, 0.0, 1.0, 0.0, 1.0, 0.0, 0.0, 0.0, 0.0, 0.0, 0.0, 0.0, 0.0, 1.0, 0.0, 1.0, 0.0, 0.0, 0.0, 1.0, 0.0, 0.0, 0.0, 0.0, 0.0, 0.0, 0.0, 0.0, 1.0, 0.0, 0.0, 0.0, 1.0, 0.0, 1.0, 1.0, 1.0, 0.0, 0.0, 0.0, 0.0, 1.0, 1.0, 1.0, 0.0, 1.0, 0.0, 0.0, 0.0, 1.0, 0.0, 1.0, 0.0, 0.0, 0.0, 0.0, 1.0, 0.0, 0.0, 2.0, 1.0, 0.0, 0.0, 0.0, 1.0, 0.0, 0.0, 0.0, 1.0, 0.0, 0.0, 0.0, 0.0, 0.0, 0.0, 0.0, 0.0, 0.0, 0.0, 0.0, 0.0, 0.0, 0.0, 0.0, 0.0, 0.0, 0.0, 0.0, 0.0, 0.0, 0.0, 0.0, 0.0, 0.0, 0.0, 0.0, 0.0, 0.0, 0.0, 0.0, 0.0, 0.0, 0.0, 0.0, 0.0, 0.0, 0.0, 0.0, 0.0, 0.0, 0.0, 0.0, 0.0, 0.0, 0.0, 1.0, 0.0, 0.0, 1.0, 1.0, 0.0, 0.0, 0.0, 0.0, 0.0, 0.0, 0.0, 0.0, 0.0, 0.0, 0.0, 0.0, 0.0, 0.0, 1.0, 0.0, 1.0, 0.0, 0.0, 0.0, 1.0, 1.0, 0.0, 0.0, 0.0, 0.0, 0.0, 1.0, 0.0, 0.0, 0.0, 0.0, 0.0, 0.0, 0.0, 0.0, 0.0, 1.0, 0.0, 1.0, 0.0, 0.0, 0.0, 0.0, 1.0, 0.0, 0.0, 0.0, 0.0, 0.0, 0.0, 0.0, 0.0, 1.0, 1.0, 0.0, 0.0, 0.0, 0.0, 0.0, 1.0, 2.0, 1.0, 1.0, 0.0, 1.0, 0.0, 0.0, 0.0, 0.0, 0.0, 0.0, 0.0, 1.0, 0.0, 0.0, 0.0, 0.0, 0.0, 0.0, 0.0, 0.0, 0.0, 0.0, 1.0, 0.0, 0.0, 1.0, 1.0, 0.0, 0.0, 0.0, 0.0, 0.0, 0.0, 0.0, 0.0, 0.0, 0.0, 1.0, 0.0, 2.0, 0.0, 0.0, 0.0, 0.0, 0.0, 0.0, 0.0, 0.0, 0.0, 2.0, 0.0, 0.0, 0.0, 0.0, 0.0, 1.0, 0.0, 1.0, 0.0, 0.0, 1.0, 0.0, 0.0, 21624.0], [0.0, 0.0, 1.0, 0.0, 0.0, 1.0, 1.0, -0.0, 1.0, 0.0, 0.0, 1.0, 0.0, 1.0, 1.0, 0.0, 0.0, -0.0, -0.0, -0.0, -0.0, 1.0, 0.0, 1.0, -0.0, 0.0, 0.0, 1.0, -0.0, 0.0, 0.0, 0.0, -0.0, 0.0, -0.0, 1.0, -0.0, 1.0, 1.0, 1.0, -0.0, 0.0, 1.0, -0.0, -0.0, 0.0, 1.0, -0.0, -0.0, 1.0, 0.0, -0.0, 0.0, -0.0, 1.0, -0.0, 1.0, 0.0, 1.0, -0.0, 0.0, -0.0, 1.0, 1.0, 0.0, 1.0, 0.0, 0.0, 1.0, 0.0, 1.0, 0.0, 0.0, -0.0, 0.0, 0.0, 0.0, -0.0, -0.0, -0.0, 0.0, 1.0, -0.0, -0.0, 0.0, -0.0, -0.0, 0.0, -0.0, 1.0, -0.0, 0.0, 1.0, 1.0, -0.0, 0.0, -0.0, -0.0, 0.0, 1.0, 1.0, 0.0, 1.0, 0.0, 1.0, -0.0, 1.0, -0.0, -0.0, -0.0, 1.0, 1.0, -0.0, 1.0, 0.0, 0.0, 1.0, 0.0, 1.0, 0.0, -0.0, 0.0, -0.0, -0.0, -0.0, 0.0, 0.0, 1.0, 0.0, 0.0, 1.0, 0.0, 1.0, 0.0, 0.0, 0.0, 0.0, -0.0, -0.0, 0.0, -0.0, 0.0, 0.0, -0.0, -0.0, -0.0, -0.0, 1.0, 0.0, 1.0, 1.0, 1.0, 0.0, 0.0, 0.0, 1.0, 0.0, 1.0, 0.0, -0.0, 0.0, -0.0, -0.0, -0.0, 0.0, 1.0, 0.0, 1.0, 0.0, 1.0, 0.0, 1.0, 0.0, 0.0, 0.0, 1.0, 0.0, 1.0, 0.0, 1.0, 0.0, 1.0, 0.0, 0.0, 0.0, 1.0, 0.0, 1.0, 0.0, 0.0, 0.0, -0.0, -0.0, -0.0, 0.0, 0.0, 1.0, -0.0, 1.0, -0.0, -0.0, -0.0, 1.0, 0.0, 0.0, -0.0, -0.0, -0.0, -0.0, -0.0, -0.0, 1.0, -0.0, -0.0, -0.0, 1.0, 0.0, 1.0, 1.0, 1.0, -0.0, 0.0, 0.0, 0.0, 1.0, 1.0, 1.0, 0.0, 1.0, 0.0, 0.0, 1.0, 1.0, 1.0, 0.0, 0.0, 0.0, 0.0, 0.0, 1.0, 0.0, 0.0, 1.0, 0.0, 0.0, 0.0, 1.0, 1.0, 0.0, 0.0, 0.0, 1.0, 0.0, 0.0, 0.0, 0.0, 0.0, 0.0, 0.0, 0.0, 0.0, 0.0, 0.0, 0.0, 0.0, 0.0, 0.0, 0.0, 0.0, 0.0, 0.0, 0.0, 0.0, 0.0, 0.0, 0.0, 0.0, 0.0, 0.0, 0.0, 1.0, 0.0, 0.0, 0.0, 0.0, 0.0, 0.0, 0.0, 0.0, 0.0, 0.0, 0.0, 0.0, 0.0, 0.0, 0.0, 0.0, 0.0, 1.0, 0.0, 0.0, 1.0, 1.0, 0.0, 0.0, 0.0, 0.0, 0.0, 0.0, 0.0, 0.0, 0.0, 0.0, 0.0, 0.0, 0.0, 0.0, 1.0, 0.0, 1.0, 0.0, 0.0, 0.0, 1.0, 0.0, 0.0, 0.0, 0.0, 0.0, 0.0, 1.0, 0.0, 0.0, 0.0, 0.0, 0.0, 0.0, 0.0, 0.0, 0.0, 1.0, 0.0, 1.0, 0.0, 0.0, 0.0, 0.0, 0.0, 0.0, 0.0, 0.0, 0.0, 0.0, 0.0, 0.0, 0.0, 0.0, 1.0, 0.0, 0.0, 0.0, 0.0, 0.0, 1.0, 2.0, 1.0, 1.0, 0.0, 1.0, 0.0, 0.0, 0.0, 0.0, 0.0, 0.0, 0.0, 1.0, 0.0, 0.0, 0.0, 0.0, 0.0, 0.0, 0.0, 0.0, 0.0, 0.0, 1.0, 0.0, 0.0, 1.0, 1.0, 0.0, 0.0, 0.0, 0.0, 0.0, 0.0, 0.0, 0.0, 0.0, 0.0, 1.0, 0.0, 2.0, 0.0, 0.0, 0.0, 0.0, 0.0, 0.0, 0.0, 0.0, 0.0, 2.0, 0.0, 0.0, 1.0, 0.0, 0.0, 0.0, 0.0, 0.0, 0.0, 0.0, 0.0, 0.0, 0.0, 21477.0], [0.0, 0.0, 1.0, 0.0, -0.0, 1.0, 1.0, -0.0, 1.0, -0.0, 0.0, 1.0, 0.0, 1.0, 1.0, 0.0, -0.0, -0.0, -0.0, -0.0, -0.0, 1.0, 0.0, 1.0, -0.0, -0.0, 0.0, 1.0, -0.0, -0.0, -0.0, -0.0, -0.0, 0.0, -0.0, 1.0, -0.0, 1.0, 1.0, 1.0, -0.0, 0.0, 1.0, -0.0, -0.0, 0.0, 1.0, -0.0, -0.0, 1.0, -0.0, -0.0, 0.0, -0.0, 1.0, -0.0, 1.0, 0.0, 1.0, -0.0, 0.0, -0.0, 1.0, 1.0, -0.0, 1.0, -0.0, -0.0, 1.0, 0.0, 1.0, -0.0, 0.0, -0.0, 0.0, -0.0, 0.0, -0.0, -0.0, -0.0, 0.0, 1.0, -0.0, -0.0, -0.0, -0.0, -0.0, 0.0, -0.0, 1.0, -0.0, 0.0, 1.0, 1.0, -0.0, 0.0, -0.0, -0.0, -0.0, 1.0, 1.0, 0.0, 1.0, -0.0, 1.0, -0.0, 1.0, -0.0, -0.0, -0.0, 1.0, 1.0, -0.0, 1.0, 0.0, 0.0, 1.0, 0.0, 1.0, 0.0, -0.0, 0.0, -0.0, -0.0, -0.0, -0.0, -0.0, 1.0, -0.0, 0.0, 1.0, 0.0, 1.0, 0.0, 0.0, -0.0, -0.0, -0.0, -0.0, -0.0, -0.0, -0.0, 0.0, -0.0, -0.0, -0.0, -0.0, 1.0, 0.0, 1.0, 1.0, 1.0, -0.0, 0.0, 0.0, 1.0, 0.0, 1.0, 0.0, -0.0, -0.0, -0.0, -0.0, -0.0, 0.0, 1.0, 0.0, 1.0, -0.0, 1.0, 0.0, 1.0, -0.0, 0.0, 0.0, 1.0, 0.0, 1.0, -0.0, 1.0, -0.0, 1.0, 0.0, 0.0, 0.0, 1.0, 0.0, 1.0, 0.0, -0.0, 0.0, -0.0, -0.0, -0.0, 0.0, 0.0, 1.0, -0.0, 1.0, -0.0, -0.0, -0.0, 1.0, 0.0, 0.0, -0.0, -0.0, -0.0, -0.0, -0.0, -0.0, 1.0, -0.0, -0.0, -0.0, 1.0, -0.0, 1.0, 1.0, 1.0, -0.0, -0.0, 0.0, -0.0, 1.0, 1.0, 1.0, -0.0, 1.0, -0.0, 0.0, 1.0, 1.0, 1.0, 0.0, 0.0, 0.0, 0.0, 0.0, 1.0, 0.0, 0.0, 1.0, 0.0, 0.0, 0.0, 1.0, 1.0, 0.0, 0.0, 0.0, 1.0, 0.0, 0.0, 0.0, 0.0, 0.0, 0.0, 0.0, 0.0, 0.0, 0.0, 0.0, 0.0, 0.0, 0.0, 0.0, 0.0, 0.0, 0.0, 0.0, 0.0, 0.0, 0.0, 0.0, 0.0, 0.0, 0.0, 0.0, 0.0, 1.0, 0.0, 0.0, 0.0, 0.0, 0.0, 0.0, 0.0, 0.0, 0.0, 0.0, 0.0, 0.0, 0.0, 0.0, 0.0, 0.0, 0.0, 1.0, 0.0, 0.0, 1.0, 1.0, 0.0, 0.0, 0.0, 0.0, 0.0, 0.0, 0.0, 0.0, 0.0, 0.0, 0.0, 0.0, 0.0, 0.0, 1.0, 0.0, 1.0, 0.0, 0.0, 0.0, 1.0, 0.0, 0.0, 0.0, 0.0, 0.0, 0.0, 1.0, 0.0, 0.0, 0.0, 0.0, 0.0, 0.0, 0.0, 0.0, 0.0, 1.0, 0.0, 1.0, 0.0, 0.0, 0.0, 0.0, 0.0, 0.0, 0.0, 0.0, 0.0, 0.0, 0.0, 0.0, 0.0, 0.0, 1.0, 0.0, 0.0, 0.0, 0.0, 0.0, 1.0, 2.0, 1.0, 1.0, 0.0, 1.0, 0.0, 0.0, 0.0, 0.0, 0.0, 0.0, 0.0, 1.0, 0.0, 0.0, 0.0, 0.0, 0.0, 0.0, 0.0, 0.0, 0.0, 0.0, 1.0, 0.0, 0.0, 1.0, 1.0, 0.0, 0.0, 0.0, 0.0, 0.0, 0.0, 0.0, 0.0, 0.0, 0.0, 1.0, 0.0, 2.0, 0.0, 0.0, 0.0, 0.0, 0.0, 0.0, 0.0, 0.0, 0.0, 2.0, 0.0, 0.0, 1.0, 0.0, 0.0, 0.0, 0.0, 0.0, 0.0, 0.0, 0.0, 0.0, 0.0, 21477.0]]
b_mps = [-0.44642553432075555, 0.5845046019664734, -0.8193242548445794, -1.3871474372891193, 0.3691215230701137, 0.5091642516442114, -0.40647218460510126, 0.5946629010278317, 0.72306405705015, 0.07552464887200117, -0.43624161997306005, -0.45776429484394154, -0.05318902412275237, -0.8290278459513186, 0.7662859291141697, 0.4229467820353968, -0.8904759813751713, 1.6545026374088787, -0.6943810382417511, 0.5972181303535249, -0.5936023676203325, -0.1762110366725419, 0.7191264960889285, 1.856572228426163, -0.8799066078114415, 0.7090305421457428, 1.8424339769430844, -0.7773010586337635, -0.7677814431901041, 0.5579554885065535, 2.248124408695257, 0.707404520149701, -0.6021677538362333, 0.34846703002111334, 0.5451559766857907, 0.6137981455670616, 0.2845967519652045, -2.4735089933213543, -0.5560627487952585, -1.0049808372826878, 0.5016520963607117, -0.8745130312131465, 0.1299182985214983, -0.8815397416824879, 0.739579900154353, -2.9791551591117247, 0.4820922168151336, -0.08116718059966763, 0.35600493981874803, 0.5847082907864579, 0.8980204672979419, -1.3569994839212929, 0.28136600321265276, 1.4325656273370537, 1.0368595386022208, -0.037760738176127524, -0.8149265989342417, -0.03806985685278019, 2.819449604448168, -1.093623429584677, 0.36485416687413974, 0.4273052962807039, -0.8561599368437464, -0.22462812855656905, -1.637923228842362, 1.0007278039297778, -0.8677890916183302, 0.7247662092741285, -0.9997735683625532, 1.1701601385132347, 1.2029274842391244, 1.2085892897731942, -0.6088445199589629, -1.0623079197266325, -0.204604046141119, -0.6223227934650741, 0.7445914650342842, -0.09071253856369356, -1.9375009702578883, -1.4518862698470856, -0.825012816999008, 0.016865809791291368, 1.6318503703608218, -0.14700626084478732, -1.055095722406481, -0.3333729420101431, -0.6887399857571918, -0.5206750527910298, -0.8259668280430227, 0.12577238964100268, -0.6066541455292527, -0.05381677744303702, -0.378089331286671, 1.1146027582356117, -0.7529493436027561, -0.30337835497710475, 0.10873040805789387, 0.6935399112332122, 1.1973964184329988, 0.2802477830776299, 0.6799163272840993, -0.10574014813617437, 1.0032692197582151, 0.10298820277497835, -0.259416051377909, 0.6196196783029171, 1.820629145112143, -1.313061600982572, -1.188127603470978, 0.8610018252657823, -1.6419251279250167, 0.42701619285961856, -0.651512483446199, 0.5560091733589487, 2.4289510183037937, 1.0972245043890938, -0.8537202668373177, 0.20414446408556078, 2.633687086417719, -0.30760240426795044, -0.3914303776951599, -0.6781968655258828, 0.2595818243696231, 0.7960776126519103, -0.6002989333083542, 1.1537657742616432, -0.3181873325116901, 0.6033988014624053, -2.743223418982595, 0.6093515695249461, -1.739068123680773, 0.07022413927988148, 0.5682380314421702, -0.6657943805644103, 0.10856403421879825, 0.22304236702453611, 0.04697162494868872, -0.8691006384768526, -0.6543787761616072, -1.9280908955797798, -0.5784376644393644, -1.0219966205359738, 0.42918100918010715, -0.7752120698814517, 1.7265859485562303, -0.6551370775914296, -0.4026519604324917, -0.17494252744477434, 0.6106649781868605, 0.021460182776357896, 1.0210808089326653, 1.0819218050134387, -0.9582163485766453, -0.5449987679954427, -0.0004064657057815623, 0.8180931532041594, 0.6265284772734908, -3.93160408593059, 0.66330897965824, 0.7489162269294314, 0.7796677217636709, 0.3855344326252828, 0.5759567773439563, 0.046225193893467374, -0.2766985192174354, 0.6042939219230344, 0.769019278724469, -0.7735205360238482, 0.8329843832089179, -0.8420718650663077, 0.7331951536052472, 0.41959179576811506, -0.24146328833289224, 1.0422059938680464, -0.21018611562136785, 1.2751144151404183, -0.028102206613633805, -2.022384941305307, -0.6049355652218189, 2.1055008801622805, 0.28766602192707047, -1.64154578707971, 0.9041040443217211, 1.4749385177570333, 0.9478960702670752, 1.1108901136380696, -0.24443599720437906, 0.8478162688980165, 0.12564906699350065, 0.3683153528003707, 0.6173224320273729, 0.636639870096238, 1.5187450690493802, 1.6253629043107245, 0.3291090626264845, -0.44689898252573734, 1.7209330184733385, 0.7042365736779338, -0.2589578393114328, 0.07412284078974955, 2.1745367521214627, -0.19754882252279124, 0.08830759347356609, 2.147982644447573, -3.1941227219788724, -1.7892822840769185, 0.2676787078469847, -1.018381510490974, 0.5118934480685102, -0.20712649686054546, -0.3474088567452352, -0.777561434256142, -0.19290671155871403, 0.029126165305483082, -1.0038955717891018, 1.2750863884169104, -1.3227386008096222, 1.1059766650177547, -0.27378078581372073, -0.5007538549914474, -0.5642634911763889, 1.2084566999247655, -0.2550132627505351, 0.4291524808695863, 1.3181610705403328, 1.0638908193888124, -1.099789317474527, -0.34974123531666534, -1.8980107808850433, 0.40236309455708613, -0.5708041363479105, -0.17070996269201152, -0.1788202281945272, 0.6596011774603365, 0.9620044465513866, 1.1651529703457018, -0.8306787489531611, 0.3888123695913577, -0.43896838126586923, -0.2068561487114032, 0.22854176385378577, 0.6382843319457691, 0.6710149029262501, -1.999381431238285, 0.20278326404014516, -0.2405780678637429, 0.09639261367381458, -0.7709720177645315, -0.11290866211411157, -0.7513109558873577, 0.5130050051184234, 0.4517881069605375, -1.7594755660965344, -0.500930165810032, 1.5201417644196122, 0.7479478632794747, 1.1945116902631103, -1.0758825739309825, 0.19508392836265417, -0.9113143157424242, -1.1637021966391938, -0.5334327263387402, 1.203461438322029, 1.2134986803059642, -2.563252973899595, 0.8271986419226527, -0.48674646466727184, 0.008155209364821269, -0.9703875760133335, 0.23515255199671123, -0.8826514886012602, 0.24095806916675025, -0.1424401128823334, 1.7358235667847923, -0.466279550790794, 2.449313278345513, -0.010692486179652393, 1.6914276558991082, 0.2941880227059872, 0.2968324925552683, 2.7765427305802826, 0.6825498829270912, 0.9424801470137787, 0.5620095509980916, 0.4466969314406744, 0.7102136691117749, 0.08014313536902498, -0.33050695755726256, 0.6334978442440875, 1.3161946656314771, -0.368826792740747, 1.8749260709246858, 0.8331527375030813, 1.048936580516556, 1.8555720970811997, 1.9983585444665288, 1.3621342286093883, -0.2191393121265258, -0.29056825742443604, 0.5734047741647923, -2.286879770582535, -0.37982020948237655, -0.9610710068971671, 1.1867555873370101, 0.7486292118103145, -2.135182984779153, -0.9772473196040192, 0.8661215210709449, -0.23235230002596066, 0.2908928563142144, -1.1260266261873961, -1.1715301303708432, 0.44289509764138163, -0.5873735692762307, -0.3509863440775822, 0.8591365187591212, 0.49086450593340303, -0.6379026086119237, 1.5893524603929945, -0.36833328403502863, -1.637160611836872, -0.8849764172749014, 1.3070731031172027, 1.3781661835869603, -0.21703807173232045, -0.09631040757115752, 0.9818296140850671, 0.7055751559432772, 0.9252669364518348, 0.1602404278223719, -2.5261510018002475, 0.7047950682070016, -0.11026624482411862, -0.5760748772469655, -0.6327752732880908, -0.8232126784897933, 0.05158325234665417, 0.08830516114902275, 0.028664865958061905, -0.24096032252263003, -0.21815307987032342, -0.11353659389389002, 0.08669207691358399, -0.1991347723590352, -0.7048911894729389, 0.34635974646629064, 0.6842746158797411, 0.10541516651968864, 1.8450239621566866, -1.102176058158775, 1.114837424366009, -1.097097697047234, 0.34526934507021406, 0.2153818882602817, -0.07568406603306234, -1.0479824638919464, -0.3676634630570979, 0.5413474537054752, 0.12756329335659217, -0.8635972844275223, -0.3766765904961901, 0.2223237904412772, -0.7746904749535285, -1.5041243237300252, -1.3558552407699311, 0.3462343811109036, -0.3613143479534986, -1.2196691088498848, 0.5576993609013137, 0.4000803259233071, 1.995455833385305, 1.5386799789448304, -0.5283294648925285, -1.5826979041748308, -0.1599016906040738, -0.38486419156583335, -0.6827819034166818, 1.0632142328568974, 0.09388705848753494, -0.09133299603884178, -1.7139549621288659, 1.4937607335021152, -0.2724026868844528, -0.23188529644992162, -0.7398588650762877, -0.6363650616172423, 0.9341268910827527, -0.6005221674064197, -0.41243230969677963, 1.6070047877919165, -1.1719269671382846, 1.3113109366730484, -0.001922954344202212, -1.0782980035504017, 1.859278650343778, -0.05789747274127314, 0.3158164842020801, -0.9837814482742715, 1.2448543421505724, 1.1317931999490252, 0.057069326464401465, -0.1962298710440419, -1.080373364311079, 0.2540202676429385, -0.829872968864064, 0.5875631733301977, -1.4446667027740072, 0.8072563074388723, -0.28123177131246696, -0.6563021755362585, -1.7154702979310743, -1.0000607359156057, -0.8405969267803345, 0.5141181486146115, 0.5501103745431124, 0.6278494311835505, -0.5228560742977001, 1.2088709506202449, -1.4255234507557446, -0.6716860448070434, -0.18676894285421813, -0.5285888968230776, 0.3719773151197735, 1.5399858635168175, 0.40721018289752037, 0.23359535761779235, -0.8440495828172802, 0.653040590534021, -0.40364850816395753]
(solution_shot, time_shot) = (-8683.512776863356, 2.904589891433716)
AssertionError("isapprox(vars_shot[idx], round(vars_shot[idx]); atol = 1.0e-6, rtol = 1.0e-6)")
