[ Info: primal >= tree.incumbent
[ Info: postsolve did not improve the solution
(example, num_v, seed) = ("neos5", 7, 2)
(example, num_v, seed) = ("neos5", 7, 2)
vs = [[-0.0, 1.0, 1.0, 1.0, 1.0, -0.0, 1.0, -0.0, -0.0, -0.0, 1.0, 1.0, 1.0, -0.0, 1.0, 1.0, -0.0, 1.0, -0.0, -0.0, 1.0, -0.0, -0.0, -0.0, -0.0, -0.0, 1.0, -0.0, 1.0, -0.0, 1.0, -0.0, 1.0, -0.0, 1.0, 1.0, -0.0, 1.0, -0.0, 1.0, -0.0, -0.0, -0.0, 1.0, -0.0, -0.0, 1.0, -0.0, -0.0, 1.0, -0.0, -0.0, -0.0, 1.0, 1.0, 0.0, 0.0, 1.0, 1.0, 0.0, 1.0, 1.0, 0.0], [1.0, 1.0, 1.0, 1.0, 1.0, 1.0, 1.0, 1.0, -0.0, -0.0, 1.0, -0.0, 1.0, 1.0, -0.0, 1.0, 1.0, -0.0, 1.0, -0.0, -0.0, -0.0, 1.0, -0.0, -0.0, -0.0, 1.0, -0.0, -0.0, -0.0, -0.0, -0.0, -0.0, -0.0, -0.0, 1.0, -0.0, 1.0, 1.0, 1.0, 1.0, 1.0, 1.0, 1.0, -0.0, 1.0, 1.0, 1.0, -0.0, 1.0, 1.0, 1.0, 1.0, 0.0, 0.0, 1.0, 1.0, 1.0, 1.0, 0.0, 0.0, 0.0, 0.0], [1.0, 1.0, 1.0, -0.0, -0.0, -0.0, 1.0, -0.0, -0.0, 1.0, -0.0, -0.0, 1.0, -0.0, 1.0, -0.0, 1.0, 1.0, 1.0, 1.0, 1.0, -0.0, -0.0, -0.0, 1.0, -0.0, 1.0, 1.0, 1.0, -0.0, -0.0, 1.0, -0.0, -0.0, 1.0, -0.0, 1.0, -0.0, 1.0, -0.0, -0.0, 1.0, 1.0, 1.0, 1.0, 1.0, -0.0, -0.0, -0.0, -0.0, -0.0, 1.0, -0.0, 0.0, 1.0, 1.0, 1.0, 0.0, 1.0, 1.0, 0.0, 0.0, 0.0], [-0.0, -0.0, -0.0, -0.0, 1.0, 1.0, 1.0, 1.0, 1.0, 1.0, -0.0, 1.0, 1.0, 1.0, -0.0, 1.0, 1.0, -0.0, -0.0, 1.0, 1.0, 1.0, 1.0, 1.0, 1.0, 1.0, -0.0, -0.0, 1.0, -0.0, -0.0, 1.0, -0.0, -0.0, 1.0, -0.0, 1.0, -0.0, 1.0, 1.0, 1.0, 1.0, -0.0, 1.0, 1.0, 1.0, 1.0, 1.0, 1.0, 1.0, -0.0, 1.0, -0.0, 0.0, 0.0, 1.0, 0.0, 0.0, 1.0, 0.0, 0.0, 1.0, 0.0], [1.0, -0.0, 1.0, -0.0, -0.0, -0.0, -0.0, -0.0, -0.0, 1.0, -0.0, -0.0, 1.0, -0.0, 1.0, 1.0, -0.0, -0.0, 1.0, 1.0, -0.0, -0.0, -0.0, 1.0, -0.0, 1.0, 1.0, 1.0, 1.0, 1.0, 1.0, 1.0, -0.0, 1.0, 1.0, 1.0, -0.0, -0.0, 1.0, 1.0, -0.0, -0.0, 1.0, 1.0, 1.0, 1.0, 1.0, -0.0, -0.0, -0.0, -0.0, -0.0, 1.0, 0.0, 1.0, 0.0, 1.0, 1.0, 0.0, 0.0, 0.0, 1.0, 1.0], [1.0, -0.0, -0.0, -0.0, 1.0, -0.0, 1.0, -0.0, 1.0, -0.0, -0.0, 1.0, 1.0, -0.0, -0.0, -0.0, -0.0, 1.0, -0.0, 1.0, 1.0, -0.0, 1.0, -0.0, 1.0, -0.0, 1.0, 1.0, 1.0, 1.0, -0.0, 1.0, -0.0, 1.0, -0.0, -0.0, 1.0, 1.0, 1.0, -0.0, -0.0, -0.0, 1.0, -0.0, 1.0, -0.0, -0.0, -0.0, 1.0, 1.0, 1.0, -0.0, 1.0, 1.0, 1.0, 1.0, 0.0, 1.0, 1.0, 0.0, 1.0, 1.0, 1.0], [-0.0, -0.0, 1.0, 1.0, 1.0, 1.0, 1.0, -0.0, -0.0, 1.0, 1.0, 1.0, 1.0, -0.0, -0.0, -0.0, 1.0, -0.0, -0.0, 1.0, 1.0, -0.0, -0.0, -0.0, 1.0, 1.0, 1.0, 1.0, 1.0, 1.0, 1.0, 1.0, -0.0, -0.0, -0.0, -0.0, 1.0, 1.0, -0.0, -0.0, -0.0, -0.0, -0.0, 1.0, -0.0, 1.0, -0.0, -0.0, 1.0, 1.0, -0.0, 1.0, 1.0, 1.0, 1.0, 1.0, 1.0, 1.0, 0.0, 0.0, 0.0, 1.0, 0.0]]
b_mps = [0.8799263841691746, 0.9334120590180884, -1.3268929367108395, 0.5548302663547556, 1.1215083668726982, -1.341716841886489, 0.25542317960565475, -0.7619314021480257, -1.5222451599189524, -0.6388542100956467, 0.039602944846076495, -1.008433678695165, -2.2648934996363357, 0.5262815048061997, 0.23991854882476987, -0.9967760224013996, 1.2423893844900276, 0.5221062951973512, -0.017311288410776317, -0.28105682865883624, -1.8490860281911623, 1.2347195268129945, -0.8405792799718339, -0.7041067822351098, 1.3890870173192402, 0.4679694910415998, 0.47698391330112994, -0.7875121892491024, 0.15016709602017317, -0.6130334170944849, -0.1243008463638447, 0.9553074819353765, 0.21470106603340372, -0.4918750289738546, -1.0789153767371435, -0.574022452871584, 0.204868473783029, 1.3130524290775694, -1.4768777653025353, -1.1728694356577996, 1.0731613812753533, -1.523680959271585, 0.23794774969665494, -0.7465575539852564, -2.5160279577301567, -0.3422036511081372, 0.6904261434191948, 0.03179077211881301, 0.5748402092807956, -0.771328842384762, -0.34688431278653653, 0.35666686452470747, 0.8117351464630097, 0.45313688343131076, 1.3536067396768767, 0.23122274520236333, 0.8684796100001344, -0.92629672166351, -1.2891096980573515, -0.042993439466502366, -1.2214615229357284, -1.0019922245229398, 2.166648411423141]
(solution_shot, time_shot) = (-13.867058401826252, 1.8777470588684082)
Away FW: false
(primal, tree.incumbent) = (-13.867058401826245, -13.867058401826254)

(result[:primal_objective], result[:dual_bound]) = (-13.867058401826254, -13.86733517306355)
