[ Info: primal >= tree.incumbent
[ Info: postsolve did not improve the solution
(example, num_v, seed) = ("neos5", 5, 3)
(example, num_v, seed) = ("neos5", 5, 3)
vs = [[-0.0, 1.0, -0.0, 1.0, 1.0, 1.0, -0.0, 1.0, -0.0, -0.0, -0.0, 1.0, 1.0, -0.0, 1.0, 1.0, -0.0, -0.0, 1.0, 1.0, 1.0, 1.0, 1.0, 1.0, 1.0, -0.0, 1.0, -0.0, 1.0, -0.0, -0.0, 1.0, -0.0, -0.0, 1.0, -0.0, -0.0, 1.0, -0.0, -0.0, -0.0, 1.0, 1.0, -0.0, 1.0, -0.0, -0.0, 1.0, -0.0, 1.0, 1.0, 1.0, -0.0, 0.0, 1.0, 1.0, 1.0, 1.0, 0.0, 0.0, 1.0, 1.0, 1.0], [-0.0, 1.0, -0.0, -0.0, -0.0, 1.0, -0.0, 1.0, -0.0, 1.0, -0.0, 1.0, 1.0, 1.0, 1.0, 1.0, 1.0, -0.0, -0.0, -0.0, 1.0, 1.0, -0.0, 1.0, -0.0, -0.0, -0.0, -0.0, -0.0, -0.0, 1.0, -0.0, -0.0, -0.0, -0.0, -0.0, -0.0, 1.0, -0.0, -0.0, -0.0, -0.0, 1.0, -0.0, 1.0, 1.0, 1.0, 1.0, -0.0, -0.0, 1.0, -0.0, -0.0, 1.0, 1.0, 1.0, 1.0, 0.0, 0.0, 1.0, 0.0, 0.0, 1.0], [-0.0, -0.0, 1.0, 1.0, -0.0, -0.0, -0.0, 1.0, -0.0, -0.0, 1.0, -0.0, 1.0, -0.0, -0.0, -0.0, 1.0, -0.0, -0.0, 1.0, 1.0, -0.0, 1.0, 1.0, -0.0, 1.0, -0.0, 1.0, 1.0, 1.0, 1.0, -0.0, -0.0, -0.0, 1.0, 1.0, 1.0, 1.0, -0.0, 1.0, 1.0, -0.0, -0.0, -0.0, 1.0, -0.0, -0.0, 1.0, 1.0, -0.0, 1.0, 1.0, 1.0, 0.0, 0.0, 0.0, 0.0, 1.0, 1.0, 0.0, 0.0, 0.0, 1.0], [1.0, 1.0, -0.0, 1.0, -0.0, -0.0, 1.0, -0.0, -0.0, -0.0, -0.0, -0.0, 1.0, -0.0, 1.0, 1.0, -0.0, -0.0, 1.0, 1.0, -0.0, -0.0, 1.0, 1.0, 1.0, -0.0, 1.0, 1.0, -0.0, -0.0, -0.0, 1.0, 1.0, 1.0, 1.0, 1.0, 1.0, 1.0, -0.0, -0.0, 1.0, -0.0, -0.0, -0.0, -0.0, -0.0, 1.0, 1.0, 1.0, -0.0, -0.0, -0.0, -0.0, 0.0, 0.0, 1.0, 0.0, 1.0, 0.0, 1.0, 1.0, 1.0, 0.0], [1.0, 1.0, -0.0, 1.0, 1.0, 1.0, 1.0, -0.0, -0.0, 1.0, -0.0, -0.0, 1.0, -0.0, 1.0, 1.0, 1.0, -0.0, 1.0, -0.0, -0.0, 1.0, -0.0, -0.0, 1.0, -0.0, 1.0, 1.0, -0.0, 1.0, -0.0, -0.0, 1.0, 1.0, 1.0, 1.0, -0.0, 1.0, -0.0, 1.0, -0.0, -0.0, -0.0, -0.0, 1.0, -0.0, -0.0, -0.0, 1.0, 1.0, 1.0, 1.0, 1.0, 1.0, 1.0, 1.0, 1.0, 0.0, 0.0, 0.0, 1.0, 1.0, 0.0]]
b_mps = [-1.0449492946225951, -0.03055743955746228, -0.20552499828593604, -0.9552493663882771, 0.22545120809913072, -0.9050081388374297, 1.5133081445981134, 0.11605699756113323, 2.5563688510947364, -0.1702389786312607, -0.14919052600114122, 0.7280195527206164, 0.20348648390270427, 1.3276600039099358, -0.99757829972098, -1.9588288098485211, 2.6388358764942605, 0.1586775563579378, 0.3921132501883941, -1.2144560704514589, 0.8173606380364066, -0.7686380778255694, -0.22411577192322915, 1.0527671758155202, 0.15970703333814018, 0.1713423689804526, 0.3128801590013743, 0.22977666944092104, 0.23186424772824415, -1.2917511517874034, -0.9841976318324251, -0.16581826525886276, 0.3100406128545208, 0.5642130678767898, -0.38790787819058686, -1.6722233980688734, 0.2339012619661813, 0.5180860211912557, 0.8543108505247946, -0.26604885270814577, -1.706188537760286, 0.25171887376789803, 1.4725014439931687, 1.0317634766247274, 0.10862255454959238, 0.6009015997760285, 0.45726279493598954, 0.9827885269476023, -0.10878350029247115, 0.5802136475511678, 1.3731976326226178, 0.08644051664865858, 0.547293617445684, -1.186966918934651, 0.16388527025889205, 0.20614102689395278, 1.456116709113361, -0.47306641358942114, 3.019971376624622, 1.1177705426772222, 0.6988702256264391, 0.8405544197905577, -1.3213447532493001]
(solution_shot, time_shot) = (-6.39710413649062, 1.8810551166534424)
Away FW: false
(primal, tree.incumbent) = (-6.3971041365002375, -6.39710413650024)

(result[:primal_objective], result[:dual_bound]) = (-6.39710413650024, -6.39756944806491)
