ERROR: LoadError: UndefVarError: str not defined
Stacktrace:
 [1] top-level scope
   @ ~/git/Boscia.jl/examples/run_miplib_setup.jl:12
in expression starting at /home/htc/htroppen/git/Boscia.jl/examples/run_miplib_setup.jl:8

caused by: AssertionError: isapprox(vars_shot[idx], round(vars_shot[idx]); atol = 1.0e-6, rtol = 1.0e-6)
Stacktrace:
 [1] miplib_shot(example::String, num_v::Int64, seed::Int64; time_limit::Int64)
   @ Main ~/git/Boscia.jl/examples/mip-examples.jl:498
 [2] miplib_shot(example::String, num_v::Int64, seed::Int64)
   @ Main ~/git/Boscia.jl/examples/mip-examples.jl:467
 [3] top-level scope
   @ ~/git/Boscia.jl/examples/run_miplib_setup.jl:9
(example, num_v, seed) = ("22433", 7, 2)
(example, num_v, seed) = ("22433", 7, 2)
vs = [[0.0, 0.0, 1.0, 0.0, 0.0, 1.0, 1.0, 0.0, 1.0, 0.0, 0.0, 1.0, 0.0, 1.0, 0.0, 0.0, 0.0, 0.0, 0.0, 0.0, 0.0, 1.0, 0.0, 1.0, 0.0, 0.0, 0.0, 1.0, 0.0, 0.0, 0.0, 0.0, 0.0, 0.0, 0.0, 1.0, 0.0, 1.0, 1.0, 1.0, 0.0, 0.0, 1.0, 0.0, 0.0, 0.0, 1.0, 0.0, 0.0, 0.0, 0.0, 0.0, 0.0, 0.0, 1.0, 0.0, 1.0, 1.0, 1.0, 0.0, 0.0, 0.0, 1.0, 1.0, 0.0, 1.0, 0.0, 0.0, 1.0, 0.0, 1.0, 0.0, 0.0, 0.0, 0.0, 0.0, 0.0, 0.0, 0.0, 0.0, 0.0, 1.0, 0.0, 0.0, 0.0, 0.0, 0.0, 0.0, 0.0, 1.0, 0.0, 1.0, 1.0, 1.0, 0.0, 0.0, 0.0, 0.0, 0.0, 1.0, 1.0, 0.0, 1.0, 0.0, 1.0, 0.0, 1.0, 0.0, 0.0, 0.0, 1.0, 1.0, 0.0, 1.0, 0.0, 0.0, 1.0, 0.0, 1.0, 0.0, 0.0, 0.0, 0.0, 0.0, 0.0, 0.0, 0.0, 1.0, 0.0, 0.0, 1.0, 0.0, 1.0, 0.0, 0.0, 0.0, 0.0, 0.0, 0.0, 0.0, 0.0, 0.0, 0.0, 0.0, 0.0, 0.0, 0.0, 1.0, 0.0, 1.0, 1.0, 1.0, 0.0, 0.0, 0.0, 1.0, 0.0, 1.0, 0.0, 0.0, 0.0, 0.0, 0.0, 0.0, 0.0, 1.0, 0.0, 1.0, 0.0, 1.0, 0.0, 1.0, 0.0, 0.0, 0.0, 1.0, 1.779622201237383e-15, 1.0, 0.0, 1.0, 0.0, 1.0, 0.0, 0.0, 0.0, 1.0, 0.0, 1.0, 0.0, 0.0, 0.0, 0.0, 0.0, 0.0, 0.0, 0.0, 1.0, 0.0, 1.0, 0.0, 0.0, 0.0, 1.0, 0.0, 0.0, 0.0, 0.0, 0.0, 0.0, 0.0, 0.0, 1.0, 0.0, 0.0, 0.0, 1.0, 0.0, 0.9999999999999982, 1.0, 1.0, 0.0, 0.0, 0.0, 0.0, 1.0, 1.0, 1.0, 0.0, 1.0, 0.0, 0.0, 0.0, 1.0, 1.0, 0.0, 1.0, 0.0, 0.0, 0.0, 1.0, 0.0, 0.0, 1.7763568394002505e-15, 1.7763568394002505e-15, 0.0, 0.0, 0.0, 0.9999999999999982, 0.0, 0.9999999999999982, 1.0, 1.0, 0.0, 1.7763568394002505e-15, 1.7763568394002505e-15, 0.0, 0.0, 0.0, 0.0, 0.0, 0.0, 0.0, 0.0, 0.0, 0.0, 0.0, 0.0, 0.0, 0.0, 0.0, 0.0, 0.0, 0.0, 0.0, 0.0, 0.0, 0.0, 0.0, 0.0, 0.0, 0.0, 0.0, 0.0, 0.0, 0.0, 0.0, 0.0, 0.0, 0.0, 0.0, 0.0, 0.0, 0.0, 0.0, 0.0, 0.0, 0.0, 0.0, 1.0, 0.0, 1.7763568394002505e-15, 1.0, 1.0, 0.0, 0.0, 0.0, 0.0, 0.0, 0.0, 0.0, 0.0, 0.0, 0.0, 0.0, 0.0, 0.0, 0.0, 1.0, 0.0, 1.0, 0.0, 0.0, 0.0, 1.0, 1.0, 0.0, 0.0, 0.0, 0.0, 0.0, 0.0, 0.0, 0.0, 0.0, 0.0, 0.0, 0.0, 0.0, 0.0, 0.0, 1.0, 0.0, 1.0, 0.0, 0.0, 0.0, 0.0, 1.7763568394002505e-15, 0.0, 0.0, 0.0, 0.0, 0.0, 0.0, 0.0, 0.0, 1.7763568394002505e-15, 0.0, 0.0, 0.0, 0.0, 0.0, 0.0, 1.0, 1.0, 1.0, 1.0000000000000018, 0.0, 1.0, 0.0, 0.0, 0.0, 0.0, 0.0, 0.0, 0.0, 0.0, 0.0, 0.0, 0.0, 0.0, 0.0, 0.0, 0.0, 0.0, 0.0, 0.0, 1.0, 0.0, 0.0, 1.0, 1.7763568394002505e-15, 0.0, 0.0, 0.0, 0.0, 0.0, 0.0, 0.0, 0.0, 0.0, 0.0, 1.0, 0.0, 2.0, 0.0, 0.0, 0.0, 0.0, 0.0, 0.0, 0.0, 0.0, 0.0, 2.0, 1.7763568394002505e-15, 0.0, 0.0, 0.0, 0.0, 1.779622201237383e-15, 0.0, 0.0, 1.7763568394002505e-15, 0.0, 1.779622201237383e-15, 0.0, 0.0, 21626.0], [0.0, 0.0, 1.0, 0.0, 0.0, 1.0, 1.0, 0.0, 1.0, 1.0, 0.0, 1.0, 0.0, 1.0, 0.0, 0.0, 0.0, 0.0, 0.0, 0.0, 0.0, 1.0, 0.0, 1.0, 0.0, 0.0, 0.0, 1.0, 0.0, 0.0, 0.0, 0.0, 0.0, 0.0, 0.0, 1.0, 0.0, 1.0, 1.0, 1.0, 0.0, 0.0, 1.0, 0.0, 0.0, 0.0, 1.0, 0.0, 0.0, 0.0, 0.0, 0.0, 0.0, 0.0, 1.0, 0.0, 1.0, 0.0, 1.0, 0.0, 0.0, 0.0, 1.0, 1.0, 0.0, 1.0, 0.0, 0.0, 1.0, 0.0, 1.0, 0.0, 0.0, 0.0, 0.0, 0.0, 0.0, 0.0, 0.0, 0.0, 0.0, 1.0, 0.0, 0.0, 0.0, 0.0, 0.0, 0.0, 0.0, 1.0, 0.0, 0.0, 1.0, 1.0, 0.0, 0.0, 0.0, 0.0, 0.0, 1.0, 1.0, 0.0, 1.0, 0.0, 1.0, 0.0, 1.0, 0.0, 0.0, 0.0, 1.0, 1.0, 0.0, 1.0, 0.0, 0.0, 1.0, 0.0, 1.0, 0.0, 0.0, 0.0, 0.0, 0.0, 0.0, 0.0, 0.0, 1.0, 0.0, 0.0, 1.0, 1.0, 1.0, 0.0, 0.0, 0.0, 0.0, 0.0, 0.0, 0.0, 0.0, 0.0, 0.0, 0.0, 0.0, 0.0, 0.0, 1.0, 0.0, 1.0, 1.0, 1.0, 0.0, 0.0, 0.0, 1.0, 0.0, 1.0, 0.0, 0.0, 0.0, 0.0, 0.0, 0.0, 0.0, 1.0, 0.0, 1.0, 0.0, 1.0, 0.0, 1.0, 0.0, 0.0, 0.0, 1.0, 3.607619424385218e-14, 1.0, 0.0, 1.0, 0.0, 1.0, 0.0, 0.0, 0.0, 1.0, 0.0, 1.0, 0.0, 0.0, 0.0, 0.0, 0.0, 0.0, -3.607619424385218e-14, 0.0, 1.0, 0.0, 1.0, 0.0, 0.0, 0.0, 1.0, 0.0, 0.0, 0.0, 0.0, 0.0, 0.0, 0.0, 0.0, 1.0, 0.0, 0.0, 0.0, 1.0, 0.0, 1.0, 1.0, 1.0, 0.0, 0.0, 0.0, 0.0, 1.0, 1.0, 1.0, 0.0, 1.0, 0.0, 0.0, 1.0, 1.0, 0.0, 0.0, 0.0, 0.0, 0.0, 1.0, 1.0, 0.0, 1.0, 3.597122599785507e-14, 6.054056465409543e-18, 1.0, 0.0, 0.0, 1.0, 0.0, 0.0, 0.0, 1.0, -3.597122599785507e-14, 0.0, 0.0, 0.0, 0.0, 0.0, 0.0, 0.0, 0.0, 0.0, 0.0, 0.0, 0.0, 0.0, 0.0, 0.0, 0.0, 0.0, 0.0, 0.0, 0.0, 0.0, 0.0, 0.0, 0.0, 0.0, 0.0, 0.0, 0.0, 0.0, 0.0, 0.0, 0.0, 0.0, 0.0, 0.0, 0.0, 0.0, 0.0, 0.0, 0.0, 0.0, 0.0, 0.0, 0.0, 0.0, 1.0, 0.0, 0.0, 1.0, 1.0, 0.0, 0.0, 0.0, 0.0, 0.0, 1.0, 0.0, 0.0, 0.0, 0.0, 0.0, 0.0, 0.0, 0.0, 1.0, 0.0, 1.0, 0.0, 0.0, 0.0, 1.0, 1.0, 0.0, 1.0, 0.0, 0.0, 0.0, 1.0, 0.0, 0.0, 0.0, 0.0, 0.0, 0.0, 0.0, 0.0, 0.0, 1.0, 0.0, 1.0, 0.0, 1.0, 0.0, 0.0, 1.0, 0.0, 0.0, 0.0, 0.0, 0.0, 0.0, 0.0, 0.0, 3.597122599785507e-14, 1.0, 0.0, 0.0, 0.0, 0.0, 0.0, 1.0, 2.0, 0.0, 1.0, 0.0, 0.0, 0.0, 0.0, 0.0, 0.0, 0.0, 0.0, 0.0, 1.0, 0.0, 0.0, -3.607619424385218e-14, 0.0, 0.0, 0.0, 0.0, 0.0, 0.0, 0.0, 1.0, 0.0, 0.0, 0.0, 1.0, 0.0, 0.0, 0.0, 0.0, 0.0, 0.0, 0.0, 0.0, 0.0, 0.0, 0.0, 0.0, 2.0, 0.0, 0.0, 0.0, 0.0, 0.0, 0.0, 0.0, 0.0, 0.0, 2.0, 0.0, 0.0, 0.0, 0.0, 0.0, 3.607619424385218e-14, 0.0, 0.0, 0.0, 0.0, 3.607619424385218e-14, 0.0, 0.0, 21622.999999999993], [0.0, 0.0, 1.0, 0.0, 0.0, 1.0, 1.0, -0.0, 0.9999999999999999, -0.0, 0.0, 0.9999999999999999, 0.0, 1.0, 1.0, 0.0, -0.0, -0.0, -0.0, -0.0, -0.0, 1.0, 0.0, 0.9999999999999999, -0.0, -0.0, 0.0, 1.0, -0.0, -0.0, 0.0, 0.0, -0.0, 0.0, -0.0, 0.9999999999999999, -0.0, 1.0, 1.0, 1.0, -0.0, 0.0, 1.0, -0.0, -0.0, 0.0, 1.0, -0.0, -0.0, 1.0, -0.0, -0.0, 0.0, -0.0, 1.0, -0.0, 1.0, 0.0, 1.0, -0.0, 0.0, -0.0, 1.0, 1.0, 0.0, 1.0, -0.0, 0.0, 1.0, -0.0, 1.0, 0.0, 0.0, -0.0, 0.0, 0.0, 0.0, -0.0, -0.0, -0.0, 0.0, 1.0, -0.0, -0.0, -0.0, -0.0, -0.0, 0.0, -0.0, 1.0, -0.0, 0.0, 1.0, 1.0, -0.0, 0.0, -0.0, -0.0, 0.0, 1.0, 1.0, 0.0, 1.0, 0.0, 0.9999999999999997, -0.0, 1.0, -0.0, -0.0, -0.0, 1.0000000000000004, 1.0, -0.0, 1.0000000000000004, 0.0, 0.0, 1.0, 0.0, 1.0, 0.0, -0.0, 0.0, -0.0, -0.0, -0.0, 0.0, -0.0, 0.9999999999999998, 0.0, 0.0, 1.0, 0.0, 0.9999999999999998, 0.0, 0.0, -0.0, -0.0, -0.0, 0.0, -0.0, -0.0, 0.0, 0.0, -0.0, -0.0, -0.0, -0.0, 1.0, 0.0, 1.0, 1.0, 1.0, -0.0, 0.0, 0.0, 1.0, 0.0, 0.9999999999999999, 0.0, -0.0, 0.0, -0.0, -0.0, -0.0, 0.0, 0.9999999999999997, 0.0, 1.0, 0.0, 1.0, 0.0, 1.0, 0.0, 0.0, 0.0, 0.9999999999999996, 0.0, 0.9999999999999997, -0.0, 0.9999999999999997, -0.0, 1.0, 0.0, 0.0, 0.0, 0.9999999999999997, 0.0, 1.0000000000000002, 0.0, -0.0, 0.0, -0.0, -0.0, -0.0, 0.0, 0.0, 1.0, -0.0, 1.0000000000000002, -0.0, -0.0, -0.0, 1.0, 0.0, 0.0, -0.0, -0.0, -0.0, -0.0, -0.0, -0.0, 1.0000000000000004, -0.0, -0.0, -0.0, 1.0, -0.0, 1.0000000000000004, 1.0, 1.0, -0.0, 0.0, 0.0, 0.0, 0.9999999999999997, 1.0, 1.0, 0.0, 1.0, 0.0, 0.0, 0.9999999999999999, 1.0, 1.0, 0.0, 0.0, 0.0, 4.440892098500626e-16, -2.220446049250313e-16, 1.0, 1.1102230246251565e-16, -8.881784197001252e-16, 0.9999999999999983, 2.220446049250313e-16, -2.220446049250313e-16, 2.220446049250313e-16, 1.0, 1.0000000000000004, 3.3306690738754696e-16, 4.440892098500626e-16, 0.0, 1.0, -7.771561172376096e-16, 1.1102230246251565e-16, -4.440892098500626e-16, 1.1102230246251565e-16, 0.0, 0.0, -1.1102230246251565e-16, 0.0, 0.0, 0.0, 0.0, 0.0, 0.0, 0.0, 0.0, 0.0, 2.220446049250313e-16, -2.220446049250313e-16, -2.220446049250313e-16, 3.3306690738754696e-16, 3.3306690738754696e-16, 0.0, 0.0, 0.0, 4.440892098500626e-16, 0.0, -4.440892098500626e-16, 0.0, 1.0, 3.3306690738754696e-16, 0.0, 1.1102230246251565e-16, 0.0, -1.1102230246251565e-16, -2.220446049250313e-16, 1.1102230246251565e-16, 0.0, 0.0, 2.220446049250313e-16, 0.0, 0.0, 0.0, 0.0, 1.1102230246251565e-16, 0.0, 0.0, 1.0, 0.0, -4.440892098500626e-16, 0.9999999999999997, 1.0000000000000004, 0.0, 0.0, 0.0, 1.1102230246251565e-16, 0.0, 0.0, 3.3306690738754696e-16, 0.0, 0.0, 0.0, 0.0, 0.0, 0.0, 2.220446049250313e-16, 1.0, 0.0, 1.0, 0.0, 0.0, 0.0, 0.9999999999999996, 1.1102230246251565e-16, -2.220446049250313e-16, 0.0, 0.0, 0.0, 3.3306690738754696e-16, 1.0, 1.1102230246251565e-16, 0.0, 3.3306690738754696e-16, 0.0, 0.0, 0.0, 0.0, 0.0, 0.0, 1.0, 0.0, 1.0, 4.440892098500626e-16, 0.0, 2.220446049250313e-16, 0.0, 1.1102230246251565e-16, 0.0, 0.0, -4.440892098500626e-16, 0.0, 3.3306690738754696e-16, 0.0, 0.0, 0.0, 3.3306690738754696e-16, 1.0, 0.0, -4.440892098500626e-16, -1.1102230246251565e-16, 3.3306690738754696e-16, 0.0, 1.0, 2.0, 0.9999999999999998, 0.9999999999999996, 0.0, 1.0000000000000004, 0.0, 0.0, 0.0, -2.220446049250313e-16, 7.771561172376096e-16, 3.3306690738754696e-16, 0.0, 1.0, 0.0, 0.0, 0.0, 0.0, 2.220446049250313e-16, 0.0, 0.0, 0.0, 0.0, 0.0, 1.0, 2.220446049250313e-16, -2.220446049250313e-16, 0.9999999999999998, 1.0000000000000004, 0.0, 3.3306690738754696e-16, 0.0, 1.1102230246251565e-16, 4.440892098500626e-16, 2.220446049250313e-16, -2.220446049250313e-16, 0.0, 0.0, 0.0, 1.0000000000000004, 0.0, 2.0, 0.0, 0.0, 0.0, 0.0, 3.3306690738754696e-16, 0.0, 3.3306690738754696e-16, 0.0, 4.440892098500626e-16, 1.9999999999999998, 1.1102230246251565e-16, 3.3306690738754696e-16, 1.0, 1.1102230246251565e-16, 0.0, 0.0, 3.3306690738754696e-16, 0.0, 1.1102230246251565e-16, 2.220446049250313e-16, 0.0, 0.0, 0.0, 21477.0], [0.0, 0.0, 1.0, 0.0, -0.0, 1.0, 1.0, -0.0, 0.9999999999999999, 0.0, 0.0, 0.9999999999999999, 0.0, 1.0, 1.0, 0.0, -0.0, -0.0, -0.0, -0.0, -0.0, 1.0, 0.0, 0.9999999999999999, -0.0, 0.0, 0.0, 1.0, -0.0, -0.0, 0.0, 0.0, -0.0, 0.0, -0.0, 0.9999999999999999, -0.0, 1.0, 1.0, 1.0, -0.0, 0.0, 1.0, -0.0, -0.0, 0.0, 1.0, -0.0, -0.0, 1.0, 0.0, -0.0, 0.0, -0.0, 1.0, -0.0, 1.0, 0.0, 1.0, -0.0, 0.0, -0.0, 1.0, 1.0, 0.0, 1.0, -0.0, 0.0, 1.0, 0.0, 1.0, 0.0, 0.0, -0.0, 0.0, 0.0, 0.0, -0.0, -0.0, -0.0, 0.0, 1.0, -0.0, -0.0, 0.0, -0.0, -0.0, 0.0, -0.0, 1.0, -0.0, 0.0, 1.0, 1.0, -0.0, 0.0, -0.0, -0.0, 0.0, 1.0, 1.0, 0.0, 1.0, -0.0, 0.9999999999999997, -0.0, 1.0, -0.0, -0.0, -0.0, 1.0000000000000004, 1.0, -0.0, 1.0000000000000004, 0.0, 0.0, 1.0, 0.0, 1.0, 0.0, -0.0, 0.0, -0.0, -0.0, -0.0, 0.0, 0.0, 0.9999999999999998, 0.0, 0.0, 1.0, 0.0, 0.9999999999999998, 0.0, 0.0, 0.0, -0.0, -0.0, -0.0, 0.0, -0.0, 0.0, 0.0, -0.0, -0.0, -0.0, -0.0, 1.0, 0.0, 1.0, 1.0, 1.0, -0.0, 0.0, 0.0, 1.0, 0.0, 0.9999999999999999, 0.0, -0.0, 0.0, -0.0, -0.0, -0.0, 0.0, 0.9999999999999997, 0.0, 1.0, 0.0, 1.0, 0.0, 1.0, 0.0, 0.0, 0.0, 0.9999999999999996, 0.0, 0.9999999999999997, 0.0, 0.9999999999999997, 0.0, 1.0, 0.0, 0.0, 0.0, 0.9999999999999997, 0.0, 1.0000000000000002, 0.0, 0.0, 0.0, -0.0, -0.0, -0.0, 0.0, 0.0, 1.0, -0.0, 1.0000000000000002, -0.0, -0.0, -0.0, 1.0, 0.0, 0.0, -0.0, -0.0, -0.0, -0.0, -0.0, -0.0, 1.0000000000000004, -0.0, -0.0, -0.0, 1.0, 0.0, 1.0000000000000004, 1.0, 1.0, -0.0, 0.0, 0.0, 0.0, 0.9999999999999997, 1.0, 1.0, 0.0, 1.0, 0.0, -0.0, 0.9999999999999999, 1.0, 1.0, 0.0, 0.0, 0.0, 4.440892098500626e-16, -2.220446049250313e-16, 1.0, 1.1102230246251565e-16, -8.881784197001252e-16, 0.9999999999999983, 2.220446049250313e-16, -2.220446049250313e-16, 2.220446049250313e-16, 0.9999999999999996, 1.0000000000000004, 3.3306690738754696e-16, 4.440892098500626e-16, 0.0, 1.0, -7.771561172376096e-16, 5.551115123125783e-16, -4.440892098500626e-16, 1.1102230246251565e-16, 0.0, 0.0, -1.1102230246251565e-16, 0.0, 0.0, 0.0, 0.0, 0.0, 0.0, 0.0, 0.0, 0.0, 2.220446049250313e-16, -2.220446049250313e-16, -2.220446049250313e-16, 3.3306690738754696e-16, 3.3306690738754696e-16, 0.0, 0.0, 0.0, 4.440892098500626e-16, 0.0, -4.440892098500626e-16, 0.0, 1.0, 3.3306690738754696e-16, 0.0, 1.1102230246251565e-16, 0.0, -1.1102230246251565e-16, -2.220446049250313e-16, 1.1102230246251565e-16, 0.0, 0.0, 2.220446049250313e-16, 0.0, 0.0, 0.0, 0.0, 1.1102230246251565e-16, 0.0, 0.0, 1.0, 0.0, -4.440892098500626e-16, 0.9999999999999997, 1.0000000000000004, 0.0, 0.0, 0.0, 1.1102230246251565e-16, 0.0, 0.0, 3.3306690738754696e-16, 0.0, 0.0, 0.0, 0.0, 0.0, 0.0, 2.220446049250313e-16, 1.0, 0.0, 1.0, 0.0, 0.0, 0.0, 0.9999999999999996, 1.1102230246251565e-16, -2.220446049250313e-16, 0.0, 0.0, 0.0, 3.3306690738754696e-16, 1.0, 1.1102230246251565e-16, 0.0, 3.3306690738754696e-16, 0.0, 0.0, 0.0, 0.0, 0.0, 0.0, 1.0, 0.0, 1.0, 4.440892098500626e-16, 0.0, 2.220446049250313e-16, 0.0, 5.551115123125783e-16, 0.0, 0.0, -4.440892098500626e-16, 0.0, 3.3306690738754696e-16, 0.0, 0.0, 0.0, 3.3306690738754696e-16, 1.0, 0.0, -4.440892098500626e-16, -1.1102230246251565e-16, 3.3306690738754696e-16, 0.0, 1.0, 2.0, 0.9999999999999998, 0.9999999999999996, 0.0, 1.0000000000000004, 0.0, 0.0, 0.0, -2.220446049250313e-16, 7.771561172376096e-16, 3.3306690738754696e-16, 0.0, 1.0, 0.0, 0.0, 0.0, 0.0, 2.220446049250313e-16, 0.0, 0.0, 0.0, 0.0, 0.0, 1.0, 2.220446049250313e-16, -2.220446049250313e-16, 0.9999999999999998, 1.0000000000000004, 0.0, 3.3306690738754696e-16, 0.0, 1.1102230246251565e-16, 4.440892098500626e-16, 2.220446049250313e-16, -2.220446049250313e-16, 0.0, 0.0, 0.0, 1.0000000000000004, 0.0, 2.0, 0.0, 0.0, 0.0, 0.0, 3.3306690738754696e-16, 0.0, 3.3306690738754696e-16, 0.0, 4.440892098500626e-16, 1.9999999999999998, 3.3306690738754696e-16, 3.3306690738754696e-16, 1.0, 1.1102230246251565e-16, 0.0, 0.0, 3.3306690738754696e-16, 0.0, 5.551115123125783e-16, 2.220446049250313e-16, 0.0, 0.0, 0.0, 21477.0], [0.0, 0.0, 1.0, 0.0, 0.0, 1.0, 1.0, -0.0, 1.0, 0.0, 0.0, 1.0, 0.0, 1.0, 0.0, 0.0, 0.0, 0.0, -0.0, -0.0, 0.0, 1.0, 0.0, 1.0, -0.0, 0.0, 0.0, 1.0, 0.0, 0.0, 0.0, 0.0, 0.0, 0.0, 0.0, 1.0, 0.0, 1.0, 1.0, 1.0, -0.0, 0.0, 1.0, -0.0, 0.0, 0.0, 1.0, 0.0, 0.0, 0.0, 0.0, -0.0, 0.0, 0.0, 1.0, 0.0, 1.0, 0.0, 1.0, -0.0, 0.0, -0.0, 1.0, 1.0, 0.0, 1.0, 0.0, 0.0, 1.0, 0.0, 1.0, 0.0, 0.0, 0.0, 0.0, 0.0, 0.0, -0.0, -0.0, -0.0, 0.0, 1.0, -0.0, 0.0, 0.0, 0.0, -0.0, 0.0, -0.0, 1.0, 0.0, 0.0, 1.0, 1.0, -0.0, 0.0, 0.0, -0.0, 0.0, 1.0, 1.0, 0.0, 1.0, 0.0, 1.0, -0.0, 1.0, -0.0, -0.0, -0.0, 1.0, 1.0, -0.0, 1.0, 0.0, 0.0, 1.0, 0.0, 1.0, 0.0, 0.0, 0.0, -0.0, -0.0, -0.0, 0.0, 0.0, 1.0, 0.0, 0.0, 1.0, 0.0, 1.0, 0.0, 0.0, 0.0, 0.0, 0.0, 0.0, 0.0, -0.0, 0.0, 0.0, -0.0, -0.0, 0.0, -0.0, 1.0, 0.0, 1.0, 1.0, 1.0, 0.0, 0.0, 0.0, 1.0, 0.0, 1.0, 0.0, 0.0, 0.0, 0.0, -0.0, 0.0, 0.0, 1.0, 0.0, 1.0, 0.0, 1.0, 0.0, 1.0, 0.0, 0.0, 0.0, 1.0, 1.0, 1.0, 1.0, 1.0, 0.0, 1.0, 0.0, 0.0, 0.0, 1.0, 0.0, 1.0, 0.0, 0.0, 0.0, -0.0, -0.0, -0.0, 0.0, 0.0, 1.0, -0.0, 1.0, -0.0, -0.0, -0.0, 1.0, 0.0, 0.0, 0.0, 0.0, -0.0, -0.0, 0.0, 0.0, 1.0, 0.0, -0.0, 0.0, 1.0, 0.0, 1.0, 1.0, 1.0, 0.0, 0.0, 0.0, 0.0, 1.0, 1.0, 1.0, 0.0, 1.0, 0.0, 0.0, 0.0, 1.0, 0.0, 0.0, 0.0, 0.0, 0.0, 0.0, 1.0, 0.0, 0.0, 2.0, 1.0, 0.0, 1.0, 0.0, 1.0, 0.0, 0.0, 0.0, 1.0, 0.0, 0.0, 0.0, 0.0, 0.0, 0.0, 0.0, 0.0, 0.0, 0.0, 0.0, 0.0, 0.0, 0.0, 0.0, 0.0, 0.0, 0.0, 0.0, 0.0, 0.0, 0.0, 0.0, 0.0, 0.0, 0.0, 0.0, 0.0, 0.0, 0.0, 0.0, 0.0, 0.0, 0.0, 0.0, 0.0, 0.0, 0.0, 0.0, 0.0, 0.0, 0.0, 0.0, 0.0, 0.0, 0.0, 1.0, 0.0, 0.0, 1.0, 1.0, 0.0, 0.0, 0.0, 0.0, 0.0, 0.0, 0.0, 0.0, 0.0, 0.0, 0.0, 0.0, 0.0, 0.0, 1.0, 0.0, 1.0, 0.0, 0.0, 0.0, 1.0, 1.0, 0.0, 0.0, 0.0, 0.0, 0.0, 1.0, 0.0, 0.0, 0.0, 0.0, 0.0, 0.0, 0.0, 0.0, 0.0, 1.0, 0.0, 1.0, 0.0, 0.0, 0.0, 0.0, 1.0, 0.0, 0.0, 0.0, 0.0, 0.0, 0.0, 0.0, 0.0, 1.0, 1.0, 0.0, 0.0, 0.0, 0.0, 0.0, 1.0, 2.0, 1.0, 1.0, 0.0, 1.0, 0.0, 0.0, 0.0, 0.0, 0.0, 0.0, 0.0, 1.0, 0.0, 0.0, 0.0, 0.0, 0.0, 0.0, 0.0, 0.0, 0.0, 0.0, 1.0, 0.0, 0.0, 1.0, 1.0, 0.0, 0.0, 0.0, 0.0, 0.0, 0.0, 0.0, 0.0, 0.0, 0.0, 1.0, 0.0, 2.0, 0.0, 0.0, 0.0, 0.0, 0.0, 0.0, 0.0, 0.0, 0.0, 2.0, 0.0, 0.0, 0.0, 0.0, 0.0, 1.0, 0.0, 0.0, 0.0, 0.0, 1.0, 0.0, 0.0, 21624.0], [0.0, 0.0, 0.9999999999999999, 0.0, 0.0, 1.0, 1.0, 0.0, 1.0000000000000002, 0.0, 0.0, 0.9999999999999999, 0.0, 1.0, 1.0, 0.0, 0.0, -0.0, 0.0, -0.0, 0.0, 1.0, 0.0, 1.0, -0.0, 0.0, 1.1102230246251565e-16, 1.0, 0.0, 0.0, 0.0, 0.0, -0.0, 0.0, 0.0, 1.0, 0.0, 1.0, 1.0, 1.0, 0.0, 1.1102230246251565e-16, 1.0, -0.0, 0.0, 1.1102230246251565e-16, 1.0, 0.0, 0.0, 1.0000000000000033, 0.0, -0.0, 0.0, 0.0, 1.0, 0.0, 1.0, 0.0, 1.0, -0.0, 0.0, -0.0, 1.0, 1.0, 0.0, 1.0, 0.0, 0.0, 1.0, 0.0, 1.0, 0.0, 0.0, 0.0, 0.0, 0.0, 0.0, -0.0, -0.0, -0.0, 1.1102230246251565e-16, 1.0, -0.0, 0.0, 0.0, -0.0, -0.0, 1.1102230246251565e-16, -0.0, 1.0, -0.0, 0.0, 1.0, 1.0, -0.0, -4.440892098500626e-16, 0.0, -0.0, 0.0, 0.9999999999999996, 0.9999999999999998, 0.0, 0.9999999999999996, 0.0, 1.0, -0.0, 1.0, -0.0, -0.0, -0.0, 0.9999999999999998, 0.9999999999999999, -0.0, 0.9999999999999999, 0.0, 0.0, 1.0, 0.0, 1.0, -4.440892098500626e-16, 0.0, 0.0, -0.0, -0.0, -0.0, 0.0, 0.0, 1.0, -4.440892098500626e-16, 0.0, 1.0, 1.1102230246251565e-16, 1.0, -4.440892098500626e-16, 0.0, 0.0, 0.0, 0.0, 0.0, 0.0, -0.0, 0.0, 0.0, -0.0, -0.0, -0.0, -0.0, 1.0, 0.0, 1.0, 1.0, 1.0, 0.0, 0.0, 1.1102230246251565e-16, 1.0, 2.220446049250313e-16, 1.0000000000000002, 1.1102230246251565e-16, 0.0, 0.0, -0.0, -0.0, -0.0, 1.1102230246251565e-16, 1.0, 0.0, 0.9999999999999996, -4.440892098500626e-16, 1.0000000000000004, 1.6653345369377348e-15, 1.0, 0.0, 0.0, 2.220446049250313e-16, 0.9999999999999998, -2.220446049250313e-16, 0.9999999999999996, 0.0, 0.9999999999999998, 0.0, 1.0, 0.0, 0.0, 0.0, 1.0, 4.440892098500626e-16, 1.0, 0.0, 0.0, 0.0, -0.0, -0.0, -0.0, 4.440892098500626e-16, 0.0, 0.9999999999999998, -0.0, 0.9999999999999998, -0.0, -0.0, -0.0, 0.9999999999999998, 0.0, 0.0, 0.0, -0.0, -0.0, -0.0, 0.0, 0.0, 1.0, 0.0, -0.0, 0.0, 1.0, 0.0, 1.0, 1.0, 1.0, 0.0, 0.0, 0.0, 0.0, 1.0, 1.0, 1.0, 0.0, 1.0, 0.0, 0.0, 1.0, 1.0, 1.0000000000000033, 0.0, 0.0, -6.661338147750939e-16, -4.440892098500626e-16, -8.881784197001252e-16, 1.0, 6.661338147750939e-16, 1.3322676295501878e-15, 1.0000000000000029, 6.661338147750939e-16, -4.440892098500626e-16, -2.220446049250313e-16, 1.0, 1.0000000000000018, 0.0, 0.0, 0.0, 1.0000000000000002, 2.220446049250313e-16, 0.0, 0.0, 0.0, 0.0, 0.0, 0.0, 0.0, 0.0, 0.0, 0.0, 0.0, 0.0, 0.0, 0.0, 0.0, -1.1102230246251565e-16, 0.0, 0.0, 0.0, 0.0, 0.0, 0.0, 0.0, 0.0, 0.0, 0.0, 0.0, 0.9999999999999997, 0.0, 0.0, -4.440892098500626e-16, 0.0, 0.0, 0.0, 1.1102230246251565e-16, 0.0, 0.0, 0.0, 0.0, 0.0, 0.0, 0.0, 0.0, 0.0, 4.440892098500626e-16, 1.0, 0.0, 0.0, 1.0, 1.0000000000000018, 0.0, 0.0, 0.0, 0.0, -4.440892098500626e-16, 2.220446049250313e-16, 0.0, 0.0, 0.0, 0.0, 0.0, 0.0, -1.1102230246251565e-16, 1.1102230246251565e-16, 0.9999999999999996, 0.0, 0.9999999999999998, 0.0, 0.0, 0.0, 1.0000000000000004, 1.7763568394002505e-15, 0.0, 1.1102230246251565e-16, 0.0, 0.0, 1.1102230246251565e-16, 1.0, 1.1102230246251565e-16, 0.0, 0.0, 0.0, 0.0, 0.0, 4.440892098500626e-16, 4.440892098500626e-16, 0.0, 0.9999999999999998, 0.0, 1.0000000000000004, 0.0, -3.3306690738754696e-16, -4.440892098500626e-16, 0.0, 0.0, 1.1102230246251565e-16, 0.0, 0.0, 0.0, 0.0, 0.0, 0.0, 1.1102230246251565e-16, 0.0, 1.0, 0.0, 6.661338147750939e-16, 0.0, 0.0, 0.0, 1.0, 2.0, 1.0000000000000002, 1.0, 0.0, 1.0000000000000018, 0.0, 0.0, 0.0, 0.0, 0.0, 6.661338147750939e-16, 0.0, 1.0, 0.0, 0.0, 3.3306690738754696e-16, 0.0, -5.551115123125783e-16, -1.1102230246251565e-16, 0.0, -1.1102230246251565e-16, 1.1102230246251565e-16, 0.0, 0.9999999999999998, 0.0, -1.1102230246251565e-16, 1.0000000000000002, 1.0000000000000018, 0.0, 0.0, 0.0, 0.0, -2.220446049250313e-16, 0.0, 0.0, 0.0, 1.1102230246251565e-16, -4.440892098500626e-16, 1.0, 0.0, 1.9999999999999993, 0.0, 0.0, 0.0, 0.0, 0.0, 0.0, 0.0, 0.0, 0.0, 2.0000000000000004, 0.0, 0.0, 1.0000000000000033, 0.0, 0.0, -3.3306690738754696e-16, 0.0, 0.0, 0.0, 0.0, 0.0, 2.220446049250313e-16, 0.0, 21477.0], [0.0, 0.0, 1.0, 0.0, 0.0, 1.0, 1.0, 0.0, 1.0, 1.0, 0.0, 1.0, 0.0, 1.0, 0.0, 0.0, 0.0, 0.0, 0.0, 0.0, 0.0, 1.0, 0.0, 1.0, 0.0, 0.0, 0.0, 1.0, 0.0, 0.0, 0.0, 0.0, 0.0, 0.0, 0.0, 1.0, 0.0, 1.0, 1.0, 1.0, 0.0, 0.0, 1.0, 0.0, 0.0, 0.0, 0.0, 0.0, 0.0, 1.0, 0.0, 0.0, 0.0, 0.0, 1.0, 0.0, 0.0, 1.0, 1.0, 0.0, 0.0, 0.0, 1.0, 1.0, 0.0, 1.0, 0.0, 0.0, 1.0, 0.0, 1.0, 0.0, 0.0, 0.0, 0.0, 0.0, 0.0, 0.0, 0.0, 0.0, 0.0, 1.0, 0.0, 0.0, 0.0, 0.0, 0.0, 0.0, 0.0, 1.0, 0.0, 1.0, 1.0, 1.0, 0.0, 0.0, 0.0, 0.0, 0.0, 1.0, 1.0, 0.0, 1.0, 0.0, 1.0, 0.0, 1.0, 0.0, 0.0, 0.0, 1.0, 1.0, 0.0, 1.0, 0.0, 0.0, 1.0, 0.0, 1.0, 0.0, 0.0, 0.0, 0.0, 0.0, 0.0, 0.0, 0.0, 1.0, 0.0, 0.0, 1.0, 0.0, 1.0, 0.0, 0.0, 0.0, 0.0, 0.0, 0.0, 0.0, 0.0, 0.0, 0.0, 0.0, 0.0, 0.0, 0.0, 1.0, 0.0, 1.0, 1.0, 1.0, 0.0, 0.0, 0.0, 1.0, 0.0, 1.0, 0.0, 0.0, 0.0, 0.0, 0.0, 0.0, 0.0, 1.0, 0.0, 1.0, 0.0, 1.0, 0.0, 1.0, 0.0, 0.0, 0.0, 1.0, 0.0, 1.0, 0.0, 1.0, 0.0, 1.0, 0.0, 0.0, 0.0, 1.0, 0.0, 1.0, 0.0, 0.0, 0.0, 0.0, 0.0, 0.0, 0.0, 0.0, 1.0, 0.0, 1.0, 0.0, 0.0, 0.0, 1.0, 0.0, 0.0, 0.0, 0.0, 0.0, 0.0, 0.0, 0.0, 1.0, 0.0, 0.0, 0.0, 1.0, 0.0, 1.0, 1.0, 1.0, 0.0, 0.0, 0.0, 0.0, 1.0, 1.0, 1.0, 0.0, 1.0, 0.0, 0.0, 1.0, 1.0, 0.0, 0.0, 1.0, 0.0, 0.0, 0.0, 0.0, 0.0, 1.0, 1.0, 0.0, 0.0, 0.0, 0.0, 1.0, 0.0, 0.0, 1.0, 1.0, 0.0, 0.0, 0.0, 0.0, 0.0, 0.0, 0.0, 0.0, 0.0, 0.0, 0.0, 0.0, 0.0, 0.0, 0.0, 0.0, 0.0, 0.0, 0.0, 0.0, 0.0, 0.0, 0.0, 0.0, 0.0, 0.0, 0.0, 0.0, 0.0, 0.0, 0.0, 0.0, 0.0, 0.0, 0.0, 0.0, 0.0, 0.0, 0.0, 0.0, 0.0, 0.0, 0.0, 0.0, 0.0, 0.0, 1.0, 0.0, 0.0, 1.0, 1.0, 0.0, 0.0, 0.0, 0.0, 0.0, 0.0, 0.0, 0.0, 0.0, 0.0, 0.0, 0.0, 0.0, 0.0, 1.0, 0.0, 1.0, 0.0, 0.0, 0.0, 1.0, 1.0, 0.0, 0.0, 1.0, 1.0, 0.0, 0.0, 0.0, 0.0, 0.0, 0.0, 0.0, 0.0, 0.0, 0.0, 0.0, 1.0, 0.0, 1.0, 0.0, 0.0, 0.0, 0.0, 1.0, 0.0, 0.0, 0.0, 0.0, 0.0, 0.0, 0.0, 0.0, 0.0, 0.0, 0.0, 0.0, 0.0, 0.0, 0.0, 1.0, 1.0, 1.0, 1.0, 0.0, 1.0, 0.0, 0.0, 0.0, 0.0, 0.0, 0.0, 0.0, 0.0, 0.0, 0.0, 0.0, 0.0, 0.0, 0.0, 0.0, 0.0, 0.0, 0.0, 1.0, 0.0, 0.0, 1.0, 0.0, 0.0, 0.0, 0.0, 0.0, 0.0, 0.0, 0.0, 0.0, 0.0, 0.0, 0.0, 0.0, 2.0, 0.0, 0.0, 0.0, 0.0, 0.0, 0.0, 0.0, 0.0, 0.0, 2.0, 0.0, 0.0, 1.0, 0.0, 0.0, 0.0, 0.0, 0.0, 0.0, 0.0, 0.0, 0.0, 0.0, 21625.0]]
b_mps = [0.4850986283748368, 1.016333662868903, -0.009245012106996, -1.6343169295693585, 0.24904798868305542, 0.989294010349773, 0.931133505981668, 0.5034878582657965, -0.9513097383748794, -0.9283880083859873, -1.0247263106001725, -1.0316868603327958, 0.808599225509288, -1.9146094076491005, -1.5619826779763202, 0.5207971005050693, -1.0383957645300894, -0.3746068193371972, -0.5711266264313039, -0.8375010256653207, 1.9918762453187397, 0.6927207771935534, 1.4079352672121621, -0.9364235372624969, 0.021466758538774458, 2.5621075450653774, 0.03609466822535234, -0.22215021922369313, -0.7637642668978918, 1.6870161391590184, -1.8286902112589585, 0.24818919221206315, 0.20082063524604335, 2.1407814965617322, -1.0508118543247789, 0.14669701464796728, -1.9018726937632737, 2.2943025284353147, 0.5988808435574926, -1.307018665528768, -0.30746426333278193, 1.390135906556998, 0.10568845232364903, 1.0763086830575124, 0.9908376812951872, -1.4237429200893874, 0.1304769246806941, 1.2484028585207372, 1.1463307520725574, 1.8592153386184898, -1.8225079329152474, -1.9285452957854554, 1.6375293721796398, 0.3744924668647831, -1.218113135477879, -1.038279374854354, 0.22746554761437457, 0.1274557982925337, 0.14838259925829508, 0.5372515513868068, -1.8885970542950756, 0.18986639743164085, -0.7504515286692259, 0.19289288109099895, -0.4579182538819934, 0.9200511772206935, -0.7661554736393565, 1.0106434423147077, -1.4736647674765724, 1.2123159622155615, -0.1926287028326211, 0.34182260562614786, 0.9357348186936192, -1.6732174072307677, -0.06901708880781818, 1.8515548616750244, -0.4559298489453542, 0.931444443522562, 0.3765077277872233, 1.5983283866393876, -0.02912730355691949, 0.4484534168706213, 0.7578074253821965, -0.2422090798534062, 1.2694095474720568, 0.25549582568199125, -0.4405695108471368, -0.24722830287780642, 1.7398877689500227, 0.6462454043901125, -0.8355194860598526, -0.4032285932754151, -0.8254718825738792, -1.7575769007616517, -1.2006840463604123, 0.18040663177022384, 1.7764578449289465, -0.7492067859964197, 1.2274006081773425, -0.8857622525138789, 0.6089062422761343, -0.40832077539896744, 0.7009264408053526, -0.2726033115581394, -0.3564062502595504, 0.9257273945458075, -0.047660719313191956, 1.1608859230995587, 1.095596076084611, 0.05456948015254557, 0.7846539991865287, -0.017729139603296026, 0.989808863196753, 0.46276087251352227, 0.9920562644832237, -0.8295778212853998, 1.6509527774368609, 0.9428354367635338, 2.262638033464364, 1.437919212856383, -0.05593555634359872, -0.6538300266242688, -0.41779745179575295, 0.9018710929705809, 0.7849875228177965, 0.9774572391666657, -0.2031144159437307, 0.6447157832000063, 0.2666735953242481, 0.3306097347695316, -0.5553199675329787, 1.8384935760923549, -0.229971715511425, -0.15959228753219548, -0.3328016409133184, 0.13625000114116065, -1.4008532259118776, 0.0182855870697167, 0.9548648939945115, 1.839344856231979, 1.6317525568498397, -0.5467651454575233, -0.7564785859620664, -0.11993426102932257, -2.052878677834429, -0.332569222988371, 0.5058161402270104, 0.07717958658794857, 0.59172552800505, -0.5640424424852526, -0.30183748168541885, -0.8357579604696359, -2.6690424699382445, -0.08458067554583756, 1.0809955765413413, -0.7779457398924291, -0.21026289789183705, 0.5999393077319282, -0.8892407760014664, 0.10210557529863828, -0.6481730664607972, 0.9367950969245679, -1.0761693705090791, 1.4957326763839742, 0.8197004916592912, -1.228247772246134, -0.7428027788968046, -0.5344638556074817, 0.03769116066376558, 0.04503430548453924, -0.049725099368764854, 1.3667171895549626, 0.4906948778917002, -0.7295088073262613, -0.7034272295424179, 0.9069573658025807, 0.8772097943168669, 1.3384200056390025, -0.36415650745041694, -1.160663164414146, 0.8729566404197567, 1.3057499034323443, -0.8131344378116274, 0.002836766718362077, -1.1817432288256657, 0.37207176691276145, -0.43058660113356256, 0.6974358473824048, -2.2839683551057903, -0.5643121781115685, 0.9012766751760313, 0.11480574144224671, -0.019251265188760164, -1.3719697879351738, -0.5075831645564093, 1.3409215299547637, -0.8575925178173569, 0.23116609168209448, 0.47907721646097323, -0.09805342471145412, 0.10793264569482254, -1.0142374061266133, 0.8339469419715588, 0.39402625682540804, -1.2500173366158758, -0.9781924956146472, -1.2412618065013854, 0.34218033866349296, -0.20472838306952104, -0.4224223422974371, 1.2395912565076688, -0.20956897128142776, -0.4950589829520254, -1.1111851329849387, -2.318766211162549, 0.2875312884255084, 0.04530261715088709, 0.5753474020105708, 0.02706410382198785, -0.43229018845561096, -0.6350842573611006, -1.188658134786223, -1.1506429301624341, 1.96407393055495, -0.8821242557463232, -0.10281753685178638, -1.2830002884733922, -1.5566468644020715, -0.12799614496970524, -0.8647552138126354, -0.10455318286505698, 0.40977774141667495, -0.23720209849516424, -0.8822512677360717, 0.6307205965461818, 0.929175421939625, 0.11383658357122434, 0.03690736440438997, -0.49594454005742217, -1.1760704174860934, -0.40780071819908104, 0.019963831485238476, 0.4101397751422706, 0.7843018928594881, -0.24875719410304556, -1.292620523069414, 0.19228545697751578, 0.2113518014874644, 0.6635275336648041, 2.063214507538409, -0.4471953731638683, 2.1518513987820245, 0.1889260944498116, -1.0942078128582384, -0.6266592121666992, 0.6316092703827532, -1.1161313022458323, -1.631751226008886, 0.7711986321078402, 0.30444295712761676, 0.3865889203614014, 0.3496662794661724, 0.9396940548853997, 0.28478125950493804, -1.3112242768747278, -1.9229921073165857, 0.280329417481434, 0.7892974267750312, 0.929915927224696, -0.9638468440130338, -2.017860169768858, 0.7516266169247164, 0.16648264403320295, -0.3443759793651219, 0.08692560410219802, 0.3201924971364785, 0.45792638563089283, -0.5849742681758583, 0.15991353051045376, 1.1363994359530523, -0.5020096536954001, -0.050930076225807086, 0.534337561433439, 0.03392742567254928, -0.43091969693481436, 0.21768731412361572, -0.6041511563276423, 0.9196769815390623, 1.612400200324474, 0.2669027401596273, 0.7708245328146197, 0.6643390073108151, 1.7300972396045293, 0.6505662727672881, -0.3488000070424719, 0.5546625800415522, 1.3894561487829407, -0.9620182709750665, 0.926211317912217, -0.39273747644813944, 0.8835177420540505, 0.7132947717994071, -0.49470169235885697, -1.048979487196489, -1.4378179930929724, 0.2245187338229543, -0.9392667192153021, -0.373767200367757, -0.12958300225475464, -0.0383857999832617, 1.5179091275685408, 0.33101788125023174, -1.8352194209757717, 0.4382991199491876, 1.043055705055094, 0.9752858114136068, -2.8415898563088597, -0.6209948120344981, -2.3666043431262755, -0.013238999376716966, 2.293648557225609, -1.4325445973490962, -1.6052638574763014, -1.1067016258048796, 1.3627978418113462, 1.5003790184641372, 0.07407979971233002, 0.9279204867700993, -0.7683284705666376, 0.3132010856057465, 0.003063916717260588, 2.328087694162754, 0.6961647181433328, -1.73269597435572, 0.3709859966036492, 0.5447675278407421, 0.9946490853557718, 0.994025848505995, 0.33004119414084765, 1.011726896637137, 0.1266438955353502, 0.1970085451226601, -0.06365042804817948, -1.78108744122464, -0.785320164168845, -2.458502622310891, -2.006911720737915, 0.4859791864098513, -1.0691892005386798, 1.9610778047124295, 1.6715076219466607, -1.6004390270694502, -0.530944009375418, 0.8634906048876866, -0.275801638708749, 0.8866433536553722, 0.4399536347200852, 1.0672518921215193, 0.8166973213421791, -0.07683131993443629, 0.7818672261674577, 1.2687640781068723, 0.14551235335088086, -1.7950738370178079, 0.9730277565074886, 1.3383766592175044, 1.226656585208135, 0.5969566151595781, -2.0273613055578585, 0.5089604681003572, 0.4835288650898525, -1.856041537146385, -2.1690441335603037, 1.0175885313263504, -0.26410489133090437, 0.8128719674931959, 1.0678910367436532, 1.45789499781658, 1.479653584144136, 1.3697921921657674, -0.8045183900630126, 0.2869328876436337, -0.22626668885085482, -0.36973685909526327, -0.2788431659421132, -0.4785285179092938, 0.4295764292073876, -1.7930282488319862, 0.9487763617896723, 0.7038431865862872, 1.6137658641575647, -0.47438135944640764, 0.9375860181354048, -0.3079530888259737, -0.27731983167602137, 0.8568322174340577, 1.0016000140653318, -0.4281515628002889, -0.49436037656469667, -0.3102065984041265, 0.6875023613883451, 1.3562518166341067, 0.8214592279164916, -0.25631502136372375, 0.05312664025070304, 1.3135929240447817, 0.4962795255719697, 1.0023855701025366, -0.09955332717934604, -1.0940448505105003, 0.1813012253939877, 2.7779150662843124, 0.20954215193102452, -1.1405423411895035, -1.2284579078843376, 0.27809335928511075, 0.10477525692012477, 0.9994567659158838, 2.007608639922955, 1.2323775191268855, -2.305487982959166, 2.3139852225572604, 1.1345355064990013, 0.5764504930046072, 0.1295074165850406, -0.3168998947851958, -0.7999562395675022, -0.8711647036975013, -0.23662145047819613]
(solution_shot, time_shot) = (-5114.942124257342, 44.08328294754028)
AssertionError("isapprox(vars_shot[idx], round(vars_shot[idx]); atol = 1.0e-6, rtol = 1.0e-6)")
