[ Info: primal >= tree.incumbent
[ Info: postsolve did not improve the solution
(example, num_v, seed) = ("neos5", 6, 3)
(example, num_v, seed) = ("neos5", 6, 3)
vs = [[-0.0, 1.0, -0.0, 1.0, 1.0, 1.0, -0.0, 1.0, -0.0, -0.0, -0.0, 1.0, 1.0, -0.0, 1.0, 1.0, -0.0, -0.0, 1.0, 1.0, 1.0, 1.0, 1.0, 1.0, 1.0, -0.0, 1.0, -0.0, 1.0, -0.0, -0.0, 1.0, -0.0, -0.0, 1.0, -0.0, -0.0, 1.0, -0.0, -0.0, -0.0, 1.0, 1.0, -0.0, 1.0, -0.0, -0.0, 1.0, -0.0, 1.0, 1.0, 1.0, -0.0, 0.0, 1.0, 1.0, 1.0, 1.0, 0.0, 0.0, 1.0, 1.0, 1.0], [-0.0, 1.0, -0.0, -0.0, -0.0, 1.0, -0.0, 1.0, -0.0, 1.0, -0.0, 1.0, 1.0, 1.0, 1.0, 1.0, 1.0, -0.0, -0.0, -0.0, 1.0, 1.0, -0.0, 1.0, -0.0, -0.0, -0.0, -0.0, -0.0, -0.0, 1.0, -0.0, -0.0, -0.0, -0.0, -0.0, -0.0, 1.0, -0.0, -0.0, -0.0, -0.0, 1.0, -0.0, 1.0, 1.0, 1.0, 1.0, -0.0, -0.0, 1.0, -0.0, -0.0, 1.0, 1.0, 1.0, 1.0, 0.0, 0.0, 1.0, 0.0, 0.0, 1.0], [-0.0, -0.0, 1.0, 1.0, -0.0, -0.0, -0.0, 1.0, -0.0, -0.0, 1.0, -0.0, 1.0, -0.0, -0.0, -0.0, 1.0, -0.0, -0.0, 1.0, 1.0, -0.0, 1.0, 1.0, -0.0, 1.0, -0.0, 1.0, 1.0, 1.0, 1.0, -0.0, -0.0, -0.0, 1.0, 1.0, 1.0, 1.0, -0.0, 1.0, 1.0, -0.0, -0.0, -0.0, 1.0, -0.0, -0.0, 1.0, 1.0, -0.0, 1.0, 1.0, 1.0, 0.0, 0.0, 0.0, 0.0, 1.0, 1.0, 0.0, 0.0, 0.0, 1.0], [1.0, 1.0, -0.0, 1.0, -0.0, -0.0, 1.0, -0.0, -0.0, -0.0, -0.0, -0.0, 1.0, -0.0, 1.0, 1.0, -0.0, -0.0, 1.0, 1.0, -0.0, -0.0, 1.0, 1.0, 1.0, -0.0, 1.0, 1.0, -0.0, -0.0, -0.0, 1.0, 1.0, 1.0, 1.0, 1.0, 1.0, 1.0, -0.0, -0.0, 1.0, -0.0, -0.0, -0.0, -0.0, -0.0, 1.0, 1.0, 1.0, -0.0, -0.0, -0.0, -0.0, 0.0, 0.0, 1.0, 0.0, 1.0, 0.0, 1.0, 1.0, 1.0, 0.0], [1.0, 1.0, -0.0, 1.0, 1.0, 1.0, 1.0, -0.0, -0.0, 1.0, -0.0, -0.0, 1.0, -0.0, 1.0, 1.0, 1.0, -0.0, 1.0, -0.0, -0.0, 1.0, -0.0, -0.0, 1.0, -0.0, 1.0, 1.0, -0.0, 1.0, -0.0, -0.0, 1.0, 1.0, 1.0, 1.0, -0.0, 1.0, -0.0, 1.0, -0.0, -0.0, -0.0, -0.0, 1.0, -0.0, -0.0, -0.0, 1.0, 1.0, 1.0, 1.0, 1.0, 1.0, 1.0, 1.0, 1.0, 0.0, 0.0, 0.0, 1.0, 1.0, 0.0], [1.0, 1.0, 1.0, 1.0, -0.0, 1.0, -0.0, -0.0, -0.0, 1.0, 1.0, -0.0, -0.0, -0.0, 1.0, 1.0, -0.0, -0.0, -0.0, 1.0, -0.0, 1.0, 1.0, -0.0, -0.0, -0.0, -0.0, -0.0, -0.0, 1.0, 1.0, 1.0, -0.0, -0.0, 1.0, 1.0, -0.0, -0.0, -0.0, 1.0, 1.0, -0.0, -0.0, -0.0, -0.0, -0.0, -0.0, -0.0, 1.0, -0.0, -0.0, -0.0, -0.0, 1.0, 0.0, 0.0, 0.0, 1.0, 0.0, 0.0, 0.0, 0.0, 1.0]]
b_mps = [1.3703035233738357, 0.9046573800644686, -1.3286555424922761, 0.047667553532072714, -0.04839299862898755, -0.13420977837978026, 0.8622398314429529, -1.44553018907009, -0.4527283798173016, -0.3565737627074659, -1.3070569896224868, -0.09949716197709894, -1.7461061134175686, -0.16010207785510874, 1.905395534669194, 0.1598083871005122, -1.4240887756608571, -0.2594118028622197, 0.06178367966144453, 0.017931603680239203, -2.3540238310561805, -0.9863424811755581, 0.6348659003989211, 1.1971998962936892, -1.9953584443261843, 0.0994525602294392, -2.4052979333873448, -1.138646651821102, -1.2206373938940591, -0.6877079691327044, 1.7464961696540438, -2.509733871600498, 1.5931991550857234, -2.3067404198310917, 0.5580405414485337, 2.6138343040387166, -0.11834725678230076, -1.3746385938294432, 0.09290257109238907, -1.4548273568039978, -0.05727245625943397, -0.3161143353163598, -0.4225776950573909, -0.4276835733969447, 0.842654144492293, 0.10215956826613602, 0.20508829212827456, 0.20842322596615076, -1.1119652517621106, -0.733795322000682, 1.0369143849029168, -0.09922103062789785, -0.7425036576013204, 1.0627102256592758, 0.2742346251807308, 2.348957507652548, -2.710998525734155, -1.8231126449854456, -0.7117466852525953, 0.231754687444295, 0.5191147093975033, 0.8081989482674242, 1.9180080355712685]
(solution_shot, time_shot) = (-19.868386732309496, 1.8486988544464111)
Away FW: false
(primal, tree.incumbent) = (-19.868386732483103, -19.86838673248311)

(result[:primal_objective], result[:dual_bound]) = (-19.86838673248311, -19.868439008481655)
