[ Info: primal >= tree.incumbent
[ Info: postsolve did not improve the solution
(example, num_v, seed) = ("neos5", 8, 2)
(example, num_v, seed) = ("neos5", 8, 2)
vs = [[-0.0, 1.0, 1.0, 1.0, 1.0, -0.0, 1.0, -0.0, -0.0, -0.0, 1.0, 1.0, 1.0, -0.0, 1.0, 1.0, -0.0, 1.0, -0.0, -0.0, 1.0, -0.0, -0.0, -0.0, -0.0, -0.0, 1.0, -0.0, 1.0, -0.0, 1.0, -0.0, 1.0, -0.0, 1.0, 1.0, -0.0, 1.0, -0.0, 1.0, -0.0, -0.0, -0.0, 1.0, -0.0, -0.0, 1.0, -0.0, -0.0, 1.0, -0.0, -0.0, -0.0, 1.0, 1.0, 0.0, 0.0, 1.0, 1.0, 0.0, 1.0, 1.0, 0.0], [1.0, 1.0, 1.0, 1.0, 1.0, 1.0, 1.0, 1.0, -0.0, -0.0, 1.0, -0.0, 1.0, 1.0, -0.0, 1.0, 1.0, -0.0, 1.0, -0.0, -0.0, -0.0, 1.0, -0.0, -0.0, -0.0, 1.0, -0.0, -0.0, -0.0, -0.0, -0.0, -0.0, -0.0, -0.0, 1.0, -0.0, 1.0, 1.0, 1.0, 1.0, 1.0, 1.0, 1.0, -0.0, 1.0, 1.0, 1.0, -0.0, 1.0, 1.0, 1.0, 1.0, 0.0, 0.0, 1.0, 1.0, 1.0, 1.0, 0.0, 0.0, 0.0, 0.0], [1.0, 1.0, 1.0, -0.0, -0.0, -0.0, 1.0, -0.0, -0.0, 1.0, -0.0, -0.0, 1.0, -0.0, 1.0, -0.0, 1.0, 1.0, 1.0, 1.0, 1.0, -0.0, -0.0, -0.0, 1.0, -0.0, 1.0, 1.0, 1.0, -0.0, -0.0, 1.0, -0.0, -0.0, 1.0, -0.0, 1.0, -0.0, 1.0, -0.0, -0.0, 1.0, 1.0, 1.0, 1.0, 1.0, -0.0, -0.0, -0.0, -0.0, -0.0, 1.0, -0.0, 0.0, 1.0, 1.0, 1.0, 0.0, 1.0, 1.0, 0.0, 0.0, 0.0], [-0.0, -0.0, -0.0, -0.0, 1.0, 1.0, 1.0, 1.0, 1.0, 1.0, -0.0, 1.0, 1.0, 1.0, -0.0, 1.0, 1.0, -0.0, -0.0, 1.0, 1.0, 1.0, 1.0, 1.0, 1.0, 1.0, -0.0, -0.0, 1.0, -0.0, -0.0, 1.0, -0.0, -0.0, 1.0, -0.0, 1.0, -0.0, 1.0, 1.0, 1.0, 1.0, -0.0, 1.0, 1.0, 1.0, 1.0, 1.0, 1.0, 1.0, -0.0, 1.0, -0.0, 0.0, 0.0, 1.0, 0.0, 0.0, 1.0, 0.0, 0.0, 1.0, 0.0], [1.0, -0.0, 1.0, -0.0, -0.0, -0.0, -0.0, -0.0, -0.0, 1.0, -0.0, -0.0, 1.0, -0.0, 1.0, 1.0, -0.0, -0.0, 1.0, 1.0, -0.0, -0.0, -0.0, 1.0, -0.0, 1.0, 1.0, 1.0, 1.0, 1.0, 1.0, 1.0, -0.0, 1.0, 1.0, 1.0, -0.0, -0.0, 1.0, 1.0, -0.0, -0.0, 1.0, 1.0, 1.0, 1.0, 1.0, -0.0, -0.0, -0.0, -0.0, -0.0, 1.0, 0.0, 1.0, 0.0, 1.0, 1.0, 0.0, 0.0, 0.0, 1.0, 1.0], [1.0, -0.0, -0.0, -0.0, 1.0, -0.0, 1.0, -0.0, 1.0, -0.0, -0.0, 1.0, 1.0, -0.0, -0.0, -0.0, -0.0, 1.0, -0.0, 1.0, 1.0, -0.0, 1.0, -0.0, 1.0, -0.0, 1.0, 1.0, 1.0, 1.0, -0.0, 1.0, -0.0, 1.0, -0.0, -0.0, 1.0, 1.0, 1.0, -0.0, -0.0, -0.0, 1.0, -0.0, 1.0, -0.0, -0.0, -0.0, 1.0, 1.0, 1.0, -0.0, 1.0, 1.0, 1.0, 1.0, 0.0, 1.0, 1.0, 0.0, 1.0, 1.0, 1.0], [-0.0, -0.0, 1.0, 1.0, 1.0, 1.0, 1.0, -0.0, -0.0, 1.0, 1.0, 1.0, 1.0, -0.0, -0.0, -0.0, 1.0, -0.0, -0.0, 1.0, 1.0, -0.0, -0.0, -0.0, 1.0, 1.0, 1.0, 1.0, 1.0, 1.0, 1.0, 1.0, -0.0, -0.0, -0.0, -0.0, 1.0, 1.0, -0.0, -0.0, -0.0, -0.0, -0.0, 1.0, -0.0, 1.0, -0.0, -0.0, 1.0, 1.0, -0.0, 1.0, 1.0, 1.0, 1.0, 1.0, 1.0, 1.0, 0.0, 0.0, 0.0, 1.0, 0.0], [-0.0, -0.0, 1.0, -0.0, -0.0, 1.0, -0.0, 1.0, 1.0, 1.0, -0.0, 1.0, 1.0, -0.0, -0.0, 1.0, -0.0, -0.0, 1.0, 1.0, 1.0, -0.0, 1.0, 1.0, -0.0, -0.0, -0.0, 1.0, -0.0, 1.0, 1.0, -0.0, -0.0, 1.0, 1.0, 1.0, -0.0, -0.0, 1.0, 1.0, -0.0, 1.0, -0.0, 1.0, 1.0, 1.0, -0.0, -0.0, -0.0, 1.0, 1.0, -0.0, -0.0, 0.0, 0.0, 0.0, 0.0, 1.0, 1.0, 1.0, 1.0, 1.0, 0.0]]
b_mps = [-2.4464725010747115, -0.25187544401404593, -1.2364064766851484, -0.16702782187722515, 1.2271890906538578, 1.433795632293572, 0.5998890882507417, 0.7321022318336128, -0.575052909745904, -0.20923715074825597, 0.6233126692302061, 1.0094872465551763, -0.34917723705089526, -0.7999562395675022, -0.8711647036975013, -0.23662145047819613, -0.7468439905316059, -0.6340243469488407, 0.18040663177022384, 1.6529123859276154, 0.01747490969702148, 0.8157048962680213, -0.921868198152555, 0.33004119414084765, -0.3669537956580676, 1.0560952081103572, -0.5945928693739785, -0.11781717588028984, 0.32272277857729686, -0.9350086666891978, -1.2822876827806828, -1.0354844506188392, 1.2000681586425048, 0.15112353503361706, 0.8729675783963986, -0.08518798109508809, -0.8758214534501824, -1.758447792062548, -1.0882084715427922, -0.518645561307609, -1.4708082940083862, 1.1593374168246775, -0.8873563081343562, 0.2836650478624479, -0.18255225867705951, 1.1431459120354406, 0.8450334921270204, -0.8171298543695664, -0.5124767525425443, 1.2695226582187993, 0.3610058252659568, -1.622147934627126, -0.4540402869110415, 0.6898477048144788, -0.9453670219309398, 0.41973648044792, 0.26802413676356657, 0.4934955391901138, -0.8916480078914069, 0.2846597367075295, 0.5251466920324102, 1.1644293609886596, -1.4727563736570073]
(solution_shot, time_shot) = (-7.221043200624037, 1.9221129417419434)
Away FW: false
(primal, tree.incumbent) = (-7.221043200656403, -7.221043200656403)

(result[:primal_objective], result[:dual_bound]) = (-7.221043200656403, -7.221611699078575)
