ERROR: LoadError: UndefVarError: str not defined
Stacktrace:
 [1] top-level scope
   @ ~/git/Boscia.jl/examples/run_miplib_setup.jl:12
in expression starting at /home/htc/htroppen/git/Boscia.jl/examples/run_miplib_setup.jl:8

caused by: AssertionError: isapprox(vars_shot[idx], round(vars_shot[idx]); atol = 1.0e-6, rtol = 1.0e-6)
Stacktrace:
 [1] miplib_shot(example::String, num_v::Int64, seed::Int64; time_limit::Int64)
   @ Main ~/git/Boscia.jl/examples/mip-examples.jl:498
 [2] miplib_shot(example::String, num_v::Int64, seed::Int64)
   @ Main ~/git/Boscia.jl/examples/mip-examples.jl:467
 [3] top-level scope
   @ ~/git/Boscia.jl/examples/run_miplib_setup.jl:9
(example, num_v, seed) = ("neos5", 8, 1)
(example, num_v, seed) = ("neos5", 8, 1)
vs = [[-0.0, -0.0, 1.0, 1.0, 1.0, -0.0, -0.0, 1.0, -0.0, 1.0, -0.0, -0.0, -0.0, -0.0, -0.0, 1.0, -0.0, 1.0, 1.0, 1.0, -0.0, 1.0, 1.0, -0.0, -0.0, -0.0, 1.0, -0.0, 1.0, 1.0, 1.0, 1.0, 1.0, 1.0, 1.0, -0.0, -0.0, -0.0, -0.0, 1.0, 1.0, 1.0, 1.0, 1.0, -0.0, -0.0, -0.0, -0.0, -0.0, 1.0, 1.0, -0.0, 1.0, 0.0, 1.0, 0.0, 1.0, 1.0, 1.0, 1.0, 1.0, 0.0, 1.0], [1.0, -0.0, 1.0, 1.0, -0.0, 1.0, 1.0, 1.0, -0.0, -0.0, 1.0, 1.0, 1.0, -0.0, -0.0, -0.0, -0.0, -0.0, 1.0, -0.0, 1.0, 1.0, -0.0, -0.0, 1.0, 1.0, -0.0, -0.0, -0.0, -0.0, -0.0, -0.0, -0.0, -0.0, 1.0, -0.0, 1.0, 1.0, -0.0, 1.0, 1.0, 1.0, 1.0, -0.0, 1.0, -0.0, 1.0, 1.0, 1.0, -0.0, 1.0, -0.0, -0.0, 0.0, 1.0, 1.0, 0.0, 1.0, 0.0, 1.0, 1.0, 1.0, 0.0], [1.0, 1.0, 1.0, 1.0, -0.0, 1.0, -0.0, -0.0, 1.0, 1.0, -0.0, 1.0, -0.0, -0.0, 1.0, 1.0, 1.0, 1.0, -0.0, 1.0, 1.0, 1.0, 1.0, -0.0, -0.0, 1.0, 1.0, -0.0, 1.0, 1.0, -0.0, 1.0, 1.0, -0.0, -0.0, 1.0, 1.0, -0.0, 1.0, -0.0, -0.0, 1.0, -0.0, 1.0, -0.0, -0.0, -0.0, 1.0, 1.0, -0.0, -0.0, -0.0, -0.0, 0.0, 1.0, 0.0, 0.0, 0.0, 0.0, 0.0, 0.0, 0.0, 0.0], [1.0, -0.0, 1.0, -0.0, -0.0, -0.0, 1.0, 1.0, 1.0, -0.0, -0.0, 1.0, -0.0, -0.0, 1.0, 1.0, -0.0, 1.0, 1.0, 1.0, 1.0, -0.0, 1.0, 1.0, 1.0, 1.0, -0.0, -0.0, -0.0, -0.0, -0.0, -0.0, 1.0, -0.0, -0.0, 1.0, -0.0, 1.0, 1.0, 1.0, -0.0, -0.0, 1.0, -0.0, 1.0, -0.0, 1.0, -0.0, 1.0, 1.0, 1.0, 1.0, -0.0, 1.0, 0.0, 1.0, 1.0, 0.0, 0.0, 0.0, 0.0, 1.0, 1.0], [-0.0, 1.0, 1.0, 1.0, 1.0, 1.0, 1.0, 1.0, 1.0, -0.0, -0.0, 1.0, -0.0, 1.0, -0.0, 1.0, -0.0, 1.0, -0.0, 1.0, 1.0, 1.0, -0.0, -0.0, -0.0, -0.0, 1.0, -0.0, -0.0, -0.0, 1.0, -0.0, 1.0, -0.0, 1.0, -0.0, -0.0, -0.0, 1.0, -0.0, 1.0, -0.0, -0.0, -0.0, -0.0, 1.0, -0.0, -0.0, -0.0, 1.0, 1.0, -0.0, -0.0, 0.0, 0.0, 1.0, 0.0, 1.0, 1.0, 0.0, 0.0, 0.0, 0.0], [1.0, -0.0, 1.0, -0.0, 1.0, 1.0, 1.0, 1.0, 1.0, 1.0, -0.0, -0.0, 1.0, -0.0, 1.0, -0.0, 1.0, -0.0, -0.0, 1.0, -0.0, 1.0, 1.0, 1.0, -0.0, -0.0, 1.0, -0.0, 1.0, -0.0, 1.0, 1.0, 1.0, -0.0, -0.0, 1.0, 1.0, 1.0, -0.0, -0.0, 1.0, -0.0, -0.0, 1.0, 1.0, -0.0, -0.0, -0.0, 1.0, 1.0, 1.0, -0.0, -0.0, 1.0, 1.0, 0.0, 0.0, 0.0, 1.0, 1.0, 0.0, 1.0, 1.0], [1.0, -0.0, -0.0, 1.0, -0.0, 1.0, -0.0, -0.0, 1.0, -0.0, 1.0, -0.0, -0.0, -0.0, 1.0, -0.0, -0.0, -0.0, 1.0, 1.0, -0.0, 1.0, -0.0, -0.0, -0.0, 1.0, 1.0, -0.0, 1.0, -0.0, -0.0, -0.0, 1.0, -0.0, -0.0, 1.0, 1.0, -0.0, 1.0, -0.0, -0.0, -0.0, 1.0, -0.0, 1.0, -0.0, -0.0, -0.0, 1.0, -0.0, -0.0, 1.0, -0.0, 0.0, 1.0, 1.0, 1.0, 1.0, 1.0, 1.0, 0.0, 0.0, 1.0], [1.0, -0.0, -0.0, -0.0, -0.0, 1.0, 1.0, 1.0, -0.0, 1.0, -0.0, 1.0, 1.0, 1.0, 1.0, -0.0, -0.0, -0.0, 1.0, 1.0, -0.0, -0.0, -0.0, -0.0, 1.0, -0.0, -0.0, 1.0, 1.0, -0.0, -0.0, -0.0, 1.0, -0.0, 1.0, -0.0, 1.0, 1.0, -0.0, -0.0, -0.0, -0.0, -0.0, 1.0, 1.0, 1.0, 1.0, -0.0, -0.0, 1.0, -0.0, -0.0, -0.0, 0.0, 0.0, 0.0, 1.0, 1.0, 0.0, 1.0, 1.0, 0.0, 1.0]]
b_mps = [0.4031943878399579, 0.1422610288642994, 0.3893297129374562, 0.5165798439917115, -0.5796120837674602, 0.572932361603122, -1.2409033850797744, 0.1566513785833087, -1.3421848944184471, 0.23826183544768417, -0.4965719814337806, 1.193523304759714, 0.300229124026317, 0.4091271950968771, -0.8896698030179703, -0.32605180937465755, -1.7436737820469737, -0.528112745560178, 1.4261183841671587, -1.0884645271492055, -0.009721690727751276, -0.8554296175519289, 1.0301018336437593, 1.675948808787312, -0.15215554740698256, 0.2666602308412965, -0.6686180415998987, -0.3688296792504201, -0.30139204675921527, 0.06677792368156305, -0.5088012947039371, -0.3523456900970411, 0.2886881322327386, -0.2405766371227846, -0.9976974233424214, -0.3622644857512414, 0.9993075766592467, -1.2857410076345577, -1.9125255916362285, 0.825156200939433, -0.13619124979580474, 1.7992548094594971, -1.104383292992129, 0.10848097145565462, 0.8479162163619115, 0.5949706804435368, 0.4279090211227828, 1.1079660978130559, -1.5962988631088784, 0.25989707779870364, 0.4663086943131637, -0.3919576066101382, -1.288927960957566, -0.08111315760776971, -0.6662650256183419, -0.630814741681354, 0.6454790563174173, 1.13580872262362, 0.8379964780961524, -0.0799246177593996, -0.5800843355922898, -0.4387702731149963, -0.5042858458207314]
(solution_shot, time_shot) = (-2.7373034150318745, 1.9037652015686035)
AssertionError("isapprox(vars_shot[idx], round(vars_shot[idx]); atol = 1.0e-6, rtol = 1.0e-6)")
